(geom 0.000000 0.000000 0.000000
      1.000000 0.000000 0.000000 0.000000 1.000000 0.000000 0.000000 0.000000 1.000000
(obb -0.000000 0.000000 0.000000
     1.000000 0.000000 0.000000
     0.000000 1.000000 0.000000
     0.000000 0.000000 1.000000
     0.707036 0.714307 5.910753
(obb -0.000000 0.000000 -2.955376
     1.000000 0.000000 0.000000
     0.000000 1.000000 0.000000
     0.000000 0.000000 1.000000
     0.707036 0.714307 2.955376
(obb -0.000000 0.000000 -2.955376
     1.000000 0.000000 0.000000
     0.000000 1.000000 0.000000
     0.000000 0.000000 1.000000
     0.707036 0.714307 2.955376
(obb -0.000000 0.000000 -5.910753
     1.000000 0.000000 0.000000
     0.000000 1.000000 0.000000
     0.000000 0.000000 1.000000
     0.707036 0.714307 0.000000
(obb -0.000000 -0.255497 -5.910753
     1.000000 0.000000 0.000000
     0.000000 1.000000 0.000000
     0.000000 0.000000 1.000000
     0.707036 0.458810 0.000000
(obb -0.360827 -0.255497 -5.910753
     1.000000 0.000000 0.000000
     0.000000 1.000000 0.000000
     0.000000 0.000000 1.000000
     0.346210 0.458810 0.000000
(obb -0.360827 -0.357154 -5.910753
     1.000000 0.000000 0.000000
     0.000000 1.000000 0.000000
     0.000000 0.000000 1.000000
     0.346210 0.357154 0.000000
(obb -0.259060 -0.329391 -5.910753
     0.142314 0.989822 0.000000
     0.989822 -0.142314 0.000000
     0.000000 0.000000 -1.000000
     0.360826 0.195078 0.000000
(tri -0.117318 -0.714307 -5.910753
     -0.487199 -0.545388 -5.910753
     -0.014617 0.000000 -5.910753 )
)
(obb -0.398337 -0.144946 -5.910753
     0.654861 0.755749 0.000000
     0.755749 -0.654861 0.000000
     0.000000 0.000000 -1.000000
     0.360826 0.195077 0.000000
(tri -0.487199 -0.545388 -5.910753
     -0.707037 -0.203313 -5.910753
     -0.014617 0.000000 -5.910753 )
)
)
(obb -0.415787 -0.085519 -5.910753
     0.959493 -0.281733 0.000000
     -0.281733 -0.959493 -0.000000
     0.000000 0.000000 -1.000000
     0.360826 0.195077 0.000000
(tri -0.707037 -0.203313 -5.910753
     -0.707037 0.203313 -5.910753
     -0.014617 0.000000 -5.910753 )
)
)
(obb 0.294859 -0.357154 -5.910753
     1.000000 0.000000 0.000000
     0.000000 1.000000 0.000000
     0.000000 0.000000 1.000000
     0.412177 0.357154 0.000000
(obb -0.042172 -0.409257 -5.910753
     -0.415416 0.909632 0.000000
     0.909632 0.415416 0.000000
     -0.000000 0.000000 -1.000000
     0.360826 0.195077 0.000000
(tri 0.285169 -0.656438 -5.910753
     -0.117318 -0.714307 -5.910753
     -0.014617 0.000000 -5.910753 )
)
(obb 0.346209 -0.328219 -5.910753
     1.000000 0.000000 0.000000
     0.000000 1.000000 0.000000
     0.000000 0.000000 1.000000
     0.360827 0.328219 0.000000
(obb 0.312724 -0.247181 -5.910753
     -0.415416 0.909632 0.000000
     0.909632 0.415416 0.000000
     -0.000000 0.000000 -1.000000
     0.360826 0.195077 0.000000
(tri 0.592475 -0.390154 -5.910753
     0.285169 -0.656438 -5.910753
     -0.014617 0.000000 -5.910753 )
)
(obb 0.346209 -0.195077 -5.910753
     -1.000000 0.000000 0.000000
     0.000000 1.000000 0.000000
     -0.000000 0.000000 -1.000000
     0.360827 0.195077 0.000000
(tri 0.707036 0.000000 -5.910753
     0.592475 -0.390154 -5.910753
     -0.014617 0.000000 -5.910753 )
)
)
)
)
(obb -0.000000 0.357154 -5.910753
     1.000000 0.000000 0.000000
     0.000000 1.000000 0.000000
     0.000000 0.000000 1.000000
     0.707036 0.357154 0.000000
(obb -0.360827 0.357154 -5.910753
     1.000000 0.000000 0.000000
     0.000000 1.000000 0.000000
     0.000000 0.000000 1.000000
     0.346210 0.357154 0.000000
(obb -0.398337 0.144946 -5.910753
     0.654861 -0.755749 0.000000
     -0.755749 -0.654861 -0.000000
     0.000000 0.000000 -1.000000
     0.360826 0.195077 0.000000
(tri -0.707037 0.203313 -5.910753
     -0.487199 0.545388 -5.910753
     -0.014617 0.000000 -5.910753 )
)
(obb -0.259060 0.329391 -5.910753
     0.142314 -0.989822 0.000000
     -0.989822 -0.142314 -0.000000
     0.000000 0.000000 -1.000000
     0.360826 0.195078 0.000000
(tri -0.487199 0.545388 -5.910753
     -0.117318 0.714307 -5.910753
     -0.014617 0.000000 -5.910753 )
)
)
(obb 0.294859 0.357154 -5.910753
     1.000000 0.000000 0.000000
     0.000000 1.000000 0.000000
     0.000000 0.000000 1.000000
     0.412177 0.357154 0.000000
(obb -0.042172 0.409257 -5.910753
     -0.415416 -0.909632 0.000000
     -0.909632 0.415416 0.000000
     0.000000 0.000000 -1.000000
     0.360826 0.195077 0.000000
(tri -0.117318 0.714307 -5.910753
     0.285169 0.656438 -5.910753
     -0.014617 0.000000 -5.910753 )
)
(obb 0.346209 0.328219 -5.910753
     1.000000 0.000000 0.000000
     0.000000 1.000000 0.000000
     0.000000 0.000000 1.000000
     0.360827 0.328219 0.000000
(obb 0.312724 0.247181 -5.910753
     -0.415416 -0.909632 0.000000
     -0.909632 0.415416 -0.000000
     0.000000 -0.000000 -1.000000
     0.360826 0.195077 0.000000
(tri 0.285169 0.656438 -5.910753
     0.592475 0.390155 -5.910753
     -0.014617 0.000000 -5.910753 )
)
(obb 0.346209 0.195077 -5.910753
     -1.000000 0.000000 0.000000
     0.000000 1.000000 0.000000
     0.000000 -0.000000 -1.000000
     0.360827 0.195077 0.000000
(tri 0.592475 0.390155 -5.910753
     0.707036 0.000000 -5.910753
     -0.014617 0.000000 -5.910753 )
)
)
)
)
)
(obb -0.000000 0.000000 -2.955376
     1.000000 0.000000 0.000000
     0.000000 1.000000 0.000000
     0.000000 0.000000 1.000000
     0.707036 0.714307 2.955376
(obb 0.285893 -0.655811 -2.969297
     0.051868 0.044945 -0.997642
     0.753965 0.653319 0.068632
     0.654863 -0.755747 0.000000
     2.962361 0.202833 0.000000
(tri 0.285169 -0.656438 0.000000
     0.285169 -0.656438 -5.910753
     0.592475 -0.390154 -5.910753 )
)
(obb -0.116370 -0.714171 -2.969297
     0.067933 0.009767 -0.997642
     0.987487 0.141980 0.068632
     0.142315 -0.989821 0.000000
     2.962362 0.202834 0.000000
(tri -0.117318 -0.714307 0.000000
     -0.117318 -0.714307 -5.910753
     0.285169 -0.656438 -5.910753 )
)
(obb -0.118189 0.713909 -2.969297
     -0.062430 -0.028511 -0.997642
     -0.907487 -0.414436 0.068632
     -0.415415 0.909632 0.000000
     2.962362 0.202834 0.000000
(tri -0.117318 0.714307 0.000000
     -0.117318 0.714307 -5.910753
     -0.487199 0.545388 -5.910753 )
)
(obb 0.284221 0.656574 -2.969297
     -0.067933 0.009767 -0.997642
     -0.987487 0.141980 0.068632
     0.142315 0.989821 0.000000
     2.962362 0.202834 0.000000
(tri 0.285169 0.656438 0.000000
     0.285169 0.656438 -5.910753
     -0.117318 0.714307 -5.910753 )
)
(obb 0.591751 0.390782 -2.969297
     -0.051868 0.044944 -0.997642
     -0.753967 0.653318 0.068632
     0.654862 0.755749 0.000000
     2.962361 0.202833 0.000000
(tri 0.592475 0.390155 0.000000
     0.592475 0.390155 -5.910753
     0.285169 0.656438 -5.910753 )
)
(obb -0.486328 -0.545786 -2.969297
     0.062430 -0.028511 -0.997642
     0.907487 -0.414436 0.068632
     -0.415415 -0.909632 -0.000000
     2.962362 0.202834 0.000000
(tri -0.487199 -0.545388 0.000000
     -0.487199 -0.545388 -5.910753
     -0.117318 -0.714307 -5.910753 )
)
(obb -0.706519 -0.204119 -2.969297
     0.037105 -0.057737 -0.997642
     0.539366 -0.839270 0.068632
     -0.841254 -0.540640 -0.000000
     2.962361 0.202833 0.000000
(tri -0.707037 -0.203313 0.000000
     -0.707037 -0.203313 -5.910753
     -0.487199 -0.545388 -5.910753 )
)
(obb -0.707037 0.202355 -2.969297
     0.000000 -0.068632 -0.997642
     -0.000000 -0.997642 0.068632
     -1.000000 0.000000 -0.000000
     2.962362 0.202834 0.000000
(tri -0.707037 0.203313 0.000000
     -0.707037 0.203313 -5.910753
     -0.707037 -0.203313 -5.910753 )
)
(obb -0.487717 0.544582 -2.969297
     -0.037105 -0.057737 -0.997642
     -0.539366 -0.839270 0.068632
     -0.841254 0.540640 0.000000
     2.962362 0.202833 0.000000
(tri -0.487199 0.545388 0.000000
     -0.487199 0.545388 -5.910753
     -0.707037 0.203313 -5.910753 )
)
(obb 0.706766 0.000919 -2.969297
     -0.019336 0.065852 -0.997642
     -0.281071 0.957230 0.068632
     0.959492 0.281735 0.000000
     2.962362 0.202834 0.000000
(tri 0.707036 0.000000 0.000000
     0.707036 0.000000 -5.910753
     0.592475 0.390155 -5.910753 )
)
(obb 0.592745 -0.389235 -2.969297
     0.019336 0.065852 -0.997642
     0.281072 0.957229 0.068632
     0.959492 -0.281736 0.000000
     2.962361 0.202833 0.000000
(tri 0.592475 -0.390154 0.000000
     0.592475 -0.390154 -5.910753
     0.707036 0.000000 -5.910753 )
)
)
)
(obb -0.000000 0.000000 -2.955376
     1.000000 0.000000 0.000000
     0.000000 1.000000 0.000000
     0.000000 0.000000 1.000000
     0.707036 0.714307 2.955376
(obb 0.591751 -0.390781 -2.941455
     0.051868 0.044945 -0.997642
     0.753965 0.653319 0.068632
     0.654863 -0.755747 0.000000
     2.962361 0.202833 0.000000
(tri 0.592475 -0.390154 0.000000
     0.285169 -0.656438 0.000000
     0.592475 -0.390154 -5.910753 )
)
(obb 0.284221 -0.656574 -2.941455
     0.067933 0.009767 -0.997642
     0.987487 0.141980 0.068632
     0.142315 -0.989821 0.000000
     2.962362 0.202834 0.000000
(tri 0.285169 -0.656438 0.000000
     -0.117318 -0.714307 0.000000
     0.285169 -0.656438 -5.910753 )
)
(obb -0.118189 -0.713909 -2.941456
     0.062430 -0.028511 -0.997642
     0.907487 -0.414436 0.068632
     -0.415415 -0.909632 -0.000000
     2.962362 0.202834 0.000000
(tri -0.117318 -0.714307 0.000000
     -0.487199 -0.545388 0.000000
     -0.117318 -0.714307 -5.910753 )
)
(obb -0.486328 0.545786 -2.941455
     -0.062430 -0.028511 -0.997642
     -0.907487 -0.414436 0.068632
     -0.415415 0.909632 0.000000
     2.962362 0.202834 0.000000
(tri -0.487199 0.545388 0.000000
     -0.117318 0.714307 0.000000
     -0.487199 0.545388 -5.910753 )
)
(obb -0.116370 0.714171 -2.941456
     -0.067933 0.009767 -0.997642
     -0.987487 0.141980 0.068632
     0.142315 0.989821 0.000000
     2.962362 0.202834 0.000000
(tri -0.117318 0.714307 0.000000
     0.285169 0.656438 0.000000
     -0.117318 0.714307 -5.910753 )
)
(obb 0.706766 -0.000919 -2.941455
     0.019336 0.065852 -0.997642
     0.281072 0.957229 0.068632
     0.959492 -0.281736 0.000000
     2.962361 0.202833 0.000000
(tri 0.707036 0.000000 0.000000
     0.592475 -0.390154 0.000000
     0.707036 0.000000 -5.910753 )
)
(obb -0.487717 -0.544582 -2.941456
     0.037105 -0.057737 -0.997642
     0.539366 -0.839270 0.068632
     -0.841254 -0.540640 -0.000000
     2.962361 0.202833 0.000000
(tri -0.487199 -0.545388 0.000000
     -0.707037 -0.203313 0.000000
     -0.487199 -0.545388 -5.910753 )
)
(obb -0.707037 -0.202355 -2.941456
     0.000000 -0.068632 -0.997642
     0.000000 -0.997642 0.068632
     -1.000000 0.000000 0.000000
     2.962362 0.202834 0.000000
(tri -0.707037 -0.203313 0.000000
     -0.707037 0.203313 0.000000
     -0.707037 -0.203313 -5.910753 )
)
(obb -0.706519 0.204119 -2.941456
     -0.037105 -0.057737 -0.997642
     -0.539366 -0.839270 0.068632
     -0.841254 0.540640 0.000000
     2.962362 0.202833 0.000000
(tri -0.707037 0.203313 0.000000
     -0.487199 0.545388 0.000000
     -0.707037 0.203313 -5.910753 )
)
(obb 0.285893 0.655811 -2.941455
     -0.051868 0.044944 -0.997642
     -0.753967 0.653318 0.068632
     0.654862 0.755749 0.000000
     2.962361 0.202833 0.000000
(tri 0.285169 0.656438 0.000000
     0.592475 0.390155 0.000000
     0.285169 0.656438 -5.910753 )
)
(obb 0.592745 0.389236 -2.941455
     -0.019336 0.065852 -0.997642
     -0.281071 0.957230 0.068632
     0.959492 0.281735 0.000000
     2.962362 0.202834 0.000000
(tri 0.592475 0.390155 0.000000
     0.707036 0.000000 0.000000
     0.592475 0.390155 -5.910753 )
)
)
)
(obb -0.000000 0.000000 2.955376
     1.000000 0.000000 0.000000
     0.000000 1.000000 0.000000
     0.000000 0.000000 1.000000
     0.707036 0.714307 2.955376
(obb -0.000000 0.000000 2.955376
     1.000000 0.000000 0.000000
     0.000000 1.000000 0.000000
     0.000000 0.000000 1.000000
     0.707036 0.714307 2.955376
(obb -0.116370 -0.714171 2.941456
     0.067933 0.009767 -0.997642
     0.987487 0.141980 0.068632
     0.142315 -0.989821 0.000000
     2.962362 0.202834 0.000000
(tri -0.117318 -0.714307 5.910753
     -0.117318 -0.714307 0.000000
     0.285169 -0.656438 0.000000 )
)
(obb -0.706519 -0.204119 2.941456
     0.037105 -0.057737 -0.997642
     0.539366 -0.839270 0.068632
     -0.841254 -0.540640 -0.000000
     2.962362 0.202833 0.000000
(tri -0.707037 -0.203313 5.910753
     -0.707037 -0.203313 0.000000
     -0.487199 -0.545388 0.000000 )
)
(obb -0.118189 0.713909 2.941456
     -0.062430 -0.028511 -0.997642
     -0.907487 -0.414436 0.068632
     -0.415415 0.909632 0.000000
     2.962362 0.202834 0.000000
(tri -0.117318 0.714307 5.910753
     -0.117318 0.714307 0.000000
     -0.487199 0.545388 0.000000 )
)
(obb 0.284221 0.656574 2.941455
     -0.067933 0.009767 -0.997642
     -0.987487 0.141980 0.068632
     0.142315 0.989821 0.000000
     2.962362 0.202834 0.000000
(tri 0.285169 0.656438 5.910753
     0.285169 0.656438 0.000000
     -0.117318 0.714307 0.000000 )
)
(obb 0.591751 0.390782 2.941455
     -0.051868 0.044944 -0.997642
     -0.753967 0.653318 0.068632
     0.654862 0.755749 0.000000
     2.962361 0.202833 0.000000
(tri 0.592475 0.390155 5.910753
     0.592475 0.390155 0.000000
     0.285169 0.656438 0.000000 )
)
(obb 0.592745 -0.389235 2.941456
     0.019336 0.065852 -0.997642
     0.281072 0.957229 0.068632
     0.959492 -0.281736 0.000000
     2.962362 0.202833 0.000000
(tri 0.592475 -0.390154 5.910753
     0.592475 -0.390154 0.000000
     0.707036 0.000000 0.000000 )
)
(obb 0.285893 -0.655811 2.941456
     0.051868 0.044945 -0.997642
     0.753965 0.653319 0.068632
     0.654863 -0.755747 0.000000
     2.962362 0.202833 0.000000
(tri 0.285169 -0.656438 5.910753
     0.285169 -0.656438 0.000000
     0.592475 -0.390154 0.000000 )
)
(obb -0.486328 -0.545786 2.941455
     0.062430 -0.028511 -0.997642
     0.907487 -0.414436 0.068632
     -0.415415 -0.909632 -0.000000
     2.962362 0.202834 0.000000
(tri -0.487199 -0.545388 5.910753
     -0.487199 -0.545388 0.000000
     -0.117318 -0.714307 0.000000 )
)
(obb -0.707037 0.202355 2.941456
     0.000000 -0.068632 -0.997642
     -0.000000 -0.997642 0.068632
     -1.000000 0.000000 -0.000000
     2.962362 0.202834 0.000000
(tri -0.707037 0.203313 5.910753
     -0.707037 0.203313 0.000000
     -0.707037 -0.203313 0.000000 )
)
(obb -0.487717 0.544582 2.941456
     -0.037105 -0.057737 -0.997642
     -0.539366 -0.839270 0.068632
     -0.841254 0.540640 0.000000
     2.962361 0.202833 0.000000
(tri -0.487199 0.545388 5.910753
     -0.487199 0.545388 0.000000
     -0.707037 0.203313 0.000000 )
)
(obb 0.706766 0.000919 2.941455
     -0.019336 0.065852 -0.997642
     -0.281071 0.957230 0.068632
     0.959492 0.281735 0.000000
     2.962362 0.202834 0.000000
(tri 0.707036 0.000000 5.910753
     0.707036 0.000000 0.000000
     0.592475 0.390155 0.000000 )
)
)
(obb -0.000000 0.000000 2.955376
     1.000000 0.000000 0.000000
     0.000000 1.000000 0.000000
     0.000000 0.000000 1.000000
     0.707036 0.714307 2.955376
(obb -0.000000 0.000000 2.955376
     1.000000 0.000000 0.000000
     0.000000 1.000000 0.000000
     0.000000 0.000000 1.000000
     0.707036 0.714307 2.955376
(obb -0.707037 -0.202355 2.969297
     0.000000 -0.068632 -0.997642
     0.000000 -0.997642 0.068632
     -1.000000 0.000000 0.000000
     2.962362 0.202834 0.000000
(tri -0.707037 -0.203313 5.910753
     -0.707037 0.203313 5.910753
     -0.707037 -0.203313 0.000000 )
)
(obb -0.706519 0.204119 2.969297
     -0.037105 -0.057737 -0.997642
     -0.539366 -0.839270 0.068632
     -0.841254 0.540640 0.000000
     2.962361 0.202833 0.000000
(tri -0.707037 0.203313 5.910753
     -0.487199 0.545388 5.910753
     -0.707037 0.203313 0.000000 )
)
(obb -0.486328 0.545786 2.969297
     -0.062430 -0.028511 -0.997642
     -0.907487 -0.414436 0.068632
     -0.415415 0.909632 0.000000
     2.962362 0.202834 0.000000
(tri -0.487199 0.545388 5.910753
     -0.117318 0.714307 5.910753
     -0.487199 0.545388 0.000000 )
)
(obb -0.116370 0.714171 2.969297
     -0.067933 0.009767 -0.997642
     -0.987487 0.141980 0.068632
     0.142315 0.989821 0.000000
     2.962362 0.202834 0.000000
(tri -0.117318 0.714307 5.910753
     0.285169 0.656438 5.910753
     -0.117318 0.714307 0.000000 )
)
(obb 0.285893 0.655811 2.969297
     -0.051868 0.044944 -0.997642
     -0.753967 0.653318 0.068632
     0.654862 0.755749 0.000000
     2.962361 0.202833 0.000000
(tri 0.285169 0.656438 5.910753
     0.592475 0.390155 5.910753
     0.285169 0.656438 0.000000 )
)
(obb 0.592745 0.389236 2.969297
     -0.019336 0.065852 -0.997642
     -0.281071 0.957230 0.068632
     0.959492 0.281735 0.000000
     2.962362 0.202834 0.000000
(tri 0.592475 0.390155 5.910753
     0.707036 0.000000 5.910753
     0.592475 0.390155 0.000000 )
)
(obb 0.706766 -0.000919 2.969297
     0.019336 0.065852 -0.997642
     0.281072 0.957229 0.068632
     0.959492 -0.281736 0.000000
     2.962362 0.202833 0.000000
(tri 0.707036 0.000000 5.910753
     0.592475 -0.390154 5.910753
     0.707036 0.000000 0.000000 )
)
(obb 0.591751 -0.390781 2.969297
     0.051868 0.044945 -0.997642
     0.753965 0.653319 0.068632
     0.654863 -0.755747 0.000000
     2.962362 0.202833 0.000000
(tri 0.592475 -0.390154 5.910753
     0.285169 -0.656438 5.910753
     0.592475 -0.390154 0.000000 )
)
(obb 0.284221 -0.656574 2.969297
     0.067933 0.009767 -0.997642
     0.987487 0.141980 0.068632
     0.142315 -0.989821 0.000000
     2.962362 0.202834 0.000000
(tri 0.285169 -0.656438 5.910753
     -0.117318 -0.714307 5.910753
     0.285169 -0.656438 0.000000 )
)
(obb -0.118189 -0.713909 2.969297
     0.062430 -0.028511 -0.997642
     0.907487 -0.414436 0.068632
     -0.415415 -0.909632 -0.000000
     2.962362 0.202834 0.000000
(tri -0.117318 -0.714307 5.910753
     -0.487199 -0.545388 5.910753
     -0.117318 -0.714307 0.000000 )
)
(obb -0.487717 -0.544582 2.969297
     0.037105 -0.057737 -0.997642
     0.539366 -0.839270 0.068632
     -0.841254 -0.540640 -0.000000
     2.962362 0.202833 0.000000
(tri -0.487199 -0.545388 5.910753
     -0.707037 -0.203313 5.910753
     -0.487199 -0.545388 0.000000 )
)
)
(obb -0.000000 0.000000 5.910753
     1.000000 0.000000 0.000000
     0.000000 1.000000 0.000000
     0.000000 0.000000 1.000000
     0.707036 0.714307 0.000000
(obb -0.000000 -0.255497 5.910753
     1.000000 0.000000 0.000000
     0.000000 1.000000 0.000000
     0.000000 0.000000 1.000000
     0.707036 0.458810 0.000000
(obb -0.360827 -0.255497 5.910753
     1.000000 0.000000 0.000000
     0.000000 1.000000 0.000000
     0.000000 0.000000 1.000000
     0.346210 0.458810 0.000000
(obb -0.360827 -0.357154 5.910753
     1.000000 0.000000 0.000000
     0.000000 1.000000 0.000000
     0.000000 0.000000 1.000000
     0.346210 0.357154 0.000000
(obb -0.259060 -0.329391 5.910753
     0.142314 0.989822 0.000000
     -0.989822 0.142314 -0.000000
     -0.000000 0.000000 1.000000
     0.360826 0.195078 0.000000
(tri -0.487199 -0.545388 5.910753
     -0.117318 -0.714307 5.910753
     -0.014617 0.000000 5.910753 )
)
(obb -0.398337 -0.144946 5.910753
     0.654861 0.755749 0.000000
     -0.755749 0.654861 -0.000000
     -0.000000 0.000000 1.000000
     0.360826 0.195077 0.000000
(tri -0.707037 -0.203313 5.910753
     -0.487199 -0.545388 5.910753
     -0.014617 0.000000 5.910753 )
)
)
(obb -0.415787 0.085519 5.910753
     0.959493 0.281733 0.000000
     -0.281733 0.959493 0.000000
     0.000000 0.000000 1.000000
     0.360826 0.195077 0.000000
(tri -0.707037 0.203313 5.910753
     -0.707037 -0.203313 5.910753
     -0.014617 0.000000 5.910753 )
)
)
(obb 0.294859 -0.357154 5.910753
     1.000000 0.000000 0.000000
     0.000000 1.000000 0.000000
     0.000000 0.000000 1.000000
     0.412177 0.357154 0.000000
(obb -0.042172 -0.409257 5.910753
     -0.415416 0.909632 0.000000
     -0.909632 -0.415416 0.000000
     0.000000 0.000000 1.000000
     0.360826 0.195077 0.000000
(tri -0.117318 -0.714307 5.910753
     0.285169 -0.656438 5.910753
     -0.014617 0.000000 5.910753 )
)
(obb 0.346209 -0.328219 5.910753
     1.000000 0.000000 0.000000
     0.000000 1.000000 0.000000
     0.000000 0.000000 1.000000
     0.360827 0.328219 0.000000
(obb 0.312724 -0.247181 5.910753
     -0.415416 0.909632 0.000000
     -0.909632 -0.415416 0.000000
     0.000000 -0.000000 1.000000
     0.360826 0.195077 0.000000
(tri 0.285169 -0.656438 5.910753
     0.592475 -0.390154 5.910753
     -0.014617 0.000000 5.910753 )
)
(obb 0.346209 -0.195077 5.910753
     -1.000000 0.000000 0.000000
     -0.000000 -1.000000 0.000000
     0.000000 -0.000000 1.000000
     0.360827 0.195077 0.000000
(tri 0.592475 -0.390154 5.910753
     0.707036 0.000000 5.910753
     -0.014617 0.000000 5.910753 )
)
)
)
)
(obb -0.000000 0.357154 5.910753
     1.000000 0.000000 0.000000
     0.000000 1.000000 0.000000
     0.000000 0.000000 1.000000
     0.707036 0.357154 0.000000
(obb -0.360827 0.357154 5.910753
     1.000000 0.000000 0.000000
     0.000000 1.000000 0.000000
     0.000000 0.000000 1.000000
     0.346210 0.357154 0.000000
(obb -0.398337 0.144946 5.910753
     0.654861 -0.755749 0.000000
     0.755749 0.654861 -0.000000
     0.000000 0.000000 1.000000
     0.360826 0.195077 0.000000
(tri -0.487199 0.545388 5.910753
     -0.707037 0.203313 5.910753
     -0.014617 0.000000 5.910753 )
)
(obb -0.259060 0.329391 5.910753
     0.142314 -0.989822 0.000000
     0.989822 0.142314 -0.000000
     0.000000 0.000000 1.000000
     0.360826 0.195078 0.000000
(tri -0.117318 0.714307 5.910753
     -0.487199 0.545388 5.910753
     -0.014617 0.000000 5.910753 )
)
)
(obb 0.294859 0.357154 5.910753
     1.000000 0.000000 0.000000
     0.000000 1.000000 0.000000
     0.000000 0.000000 1.000000
     0.412177 0.357154 0.000000
(obb -0.042172 0.409257 5.910753
     -0.415416 -0.909632 0.000000
     0.909632 -0.415416 0.000000
     0.000000 0.000000 1.000000
     0.360826 0.195077 0.000000
(tri 0.285169 0.656438 5.910753
     -0.117318 0.714307 5.910753
     -0.014617 0.000000 5.910753 )
)
(obb 0.346209 0.328219 5.910753
     1.000000 0.000000 0.000000
     0.000000 1.000000 0.000000
     0.000000 0.000000 1.000000
     0.360827 0.328219 0.000000
(obb 0.312724 0.247181 5.910753
     -0.415416 -0.909632 0.000000
     0.909632 -0.415416 0.000000
     0.000000 0.000000 1.000000
     0.360826 0.195077 0.000000
(tri 0.592475 0.390155 5.910753
     0.285169 0.656438 5.910753
     -0.014617 0.000000 5.910753 )
)
(obb 0.346209 0.195077 5.910753
     -1.000000 0.000000 0.000000
     0.000000 -1.000000 0.000000
     0.000000 0.000000 1.000000
     0.360827 0.195077 0.000000
(tri 0.707036 0.000000 5.910753
     0.592475 0.390155 5.910753
     -0.014617 0.000000 5.910753 )
)
)
)
)
)
)
)
)
)
