(geom 0.000000 0.000000 0.000000
      1.000000 0.000000 0.000000 0.000000 1.000000 0.000000 0.000000 0.000000 1.000000
(obb 2.208609 -1.580107 -0.658031
     0.027054 0.257401 0.965926
     -0.911765 -0.389792 0.129409
     0.409820 -0.884199 0.224144
     7.509159 30.786980 17.681072
(obb 7.969615 0.882800 -1.475706
     0.027054 0.257401 0.965926
     -0.911765 -0.389792 0.129409
     0.409820 -0.884199 0.224144
     7.509159 24.468460 17.681072
(obb 10.812242 2.495280 -1.985019
     0.027054 0.257401 0.965926
     -0.931964 -0.342982 0.117501
     0.361540 -0.903387 0.230609
     7.509159 21.853395 17.063965
(obb 11.180123 -3.158098 -0.488815
     0.027054 0.257401 0.965926
     -0.867473 0.486218 -0.105271
     -0.496747 -0.835067 0.236443
     7.509149 22.246067 14.164641
(obb 12.181553 -2.502345 -5.712222
     0.100968 0.960634 -0.258819
     0.027053 0.257401 0.965926
     0.994522 -0.104529 0.000001
     2.702327 2.659586 23.150280
(obb 12.317838 -1.204441 -5.849388
     0.103957 0.989074 -0.104528
     0.010925 0.103955 0.994522
     0.994522 -0.104529 0.000001
     1.356922 2.699819 23.150150
(obb 12.410574 -0.350591 -6.163010
     0.000000 0.104528 0.994522
     -0.104530 -0.989074 0.103956
     0.994522 -0.103958 0.010926
     2.067907 0.483070 23.171209
(obb 12.417433 -0.256064 -6.762514
     0.994522 -0.104529 0.000000
     0.042515 0.404509 0.913545
     -0.095492 -0.908541 0.406737
     23.150055 1.350763 0.178402
(obb 12.445695 0.013180 -6.389973
     0.994522 -0.104529 0.000000
     0.027054 0.257402 0.965926
     -0.100967 -0.960634 0.258820
     23.150019 0.924067 0.083736
(obb 12.463339 0.090422 -6.410855
     -0.994513 0.102649 -0.020172
     0.011038 -0.088780 -0.995990
     -0.104029 -0.990748 0.087160
     23.154747 0.468755 0.000000
(tri 35.477325 -2.326066 -6.411046
     35.485863 -2.244783 -5.476912
     -10.569534 2.508859 -6.411046 )
)
(obb 12.421961 -0.303645 -7.260717
     -0.995222 0.095894 -0.018351
     -0.023986 -0.422342 -0.906119
     -0.094642 -0.901350 0.422625
     23.154745 0.468756 0.000000
(tri 35.435940 -2.720196 -7.260892
     35.477325 -2.326066 -6.411046
     -10.610916 2.114727 -7.260891 )
)
)
(obb 12.352726 -0.963023 -7.923809
     -0.995824 0.090165 -0.014318
     -0.053688 -0.705214 -0.706959
     -0.073840 -0.703238 0.707109
     23.154745 0.468755 0.000000
(tri 35.366703 -3.379629 -7.923945
     35.435940 -2.720196 -7.260892
     -10.680157 1.455294 -7.923945 )
)
)
(obb 12.428929 -0.146436 -4.610147
     0.042516 0.404509 -0.913545
     -0.994522 0.104529 -0.000000
     0.095492 0.908541 0.406737
     0.923317 23.150040 0.089461
(obb 12.446517 -0.069788 -4.571002
     -0.993116 0.115955 -0.016587
     0.080022 0.568209 -0.818984
     -0.085541 -0.814673 -0.573576
     23.154743 0.468756 0.000000
(tri 35.460514 -2.486148 -4.571160
     35.404350 -3.021053 -3.803037
     -10.586339 2.348773 -4.571159 )
)
(obb 12.471862 0.171638 -5.476727
     -0.993782 0.109617 -0.019559
     0.047159 0.255234 -0.965729
     -0.100868 -0.960646 -0.258816
     23.154745 0.468755 0.000000
(tri 35.485863 -2.244783 -5.476912
     35.460514 -2.486148 -4.571160
     -10.561002 2.590140 -5.476912 )
)
)
)
(obb 12.271338 -1.647259 -5.802590
     0.103957 0.989074 -0.104528
     0.010925 0.103955 0.994522
     0.994522 -0.104529 0.000001
     0.909217 2.699819 23.150108
(obb 12.319766 -1.194179 -5.961309
     0.005471 0.104385 0.994522
     -0.994537 0.104244 -0.005471
     -0.104244 -0.989059 0.104385
     2.536757 23.163521 0.445826
(obb 12.390347 -0.604742 -3.802927
     -0.992597 0.120900 -0.011614
     0.105661 0.812391 -0.573460
     -0.059896 -0.570442 -0.819151
     23.154749 0.468755 0.000000
(tri 35.404350 -3.021053 -3.803037
     35.324142 -3.784974 -3.265191
     -10.642509 1.813866 -3.803037 )
)
(obb 12.263983 -1.808190 -8.320148
     -0.996245 0.086153 -0.008557
     -0.074485 -0.903285 -0.422525
     -0.044132 -0.420301 0.906311
     23.154747 0.468755 0.000000
(tri 35.277958 -4.224833 -8.320230
     35.366703 -3.379629 -7.923945
     -10.768906 0.610088 -8.320230 )
)
)
(obb 12.229598 -2.044758 -5.760581
     0.103957 0.989074 -0.104528
     0.010925 0.103955 0.994522
     0.994522 -0.104529 0.000001
     0.507331 2.699819 23.150068
(obb 12.310122 -1.368686 -3.265141
     -0.992286 0.123856 -0.005241
     0.120984 0.958332 -0.258772
     -0.027028 -0.257410 -0.965924
     23.154739 0.468738 0.000000
(tri 35.324142 -3.784974 -3.265191
     35.229549 -4.685737 -3.022499
     -10.722721 1.049952 -3.265191 )
)
(obb 12.166435 -2.737197 -8.401934
     -0.996435 0.084343 -0.001765
     -0.083870 -0.992660 -0.087132
     -0.009101 -0.086673 0.996195
     23.154747 0.468756 0.000000
(tri 35.180405 -5.153861 -8.401950
     35.277958 -4.224833 -8.320230
     -10.866455 -0.318931 -8.401950 )
)
)
)
)
(obb 12.045519 -3.797850 -5.575071
     0.994522 -0.104529 0.000000
     0.103956 0.989074 -0.104529
     0.010926 0.103956 0.994522
     23.150150 1.359315 2.699591
(obb 12.092267 -3.352661 -5.622119
     0.103957 0.989074 -0.104528
     -0.994522 0.104529 -0.000000
     0.010926 0.103955 0.994522
     0.909217 23.150108 2.699591
(obb 12.045456 -3.805878 -5.463134
     0.016352 0.103242 0.994522
     -0.994477 0.104813 0.005471
     -0.103674 -0.989119 0.104385
     2.536757 23.163563 0.445809
(obb 11.991637 -4.401950 -7.621506
     -0.996061 0.087909 0.011614
     -0.065385 -0.816616 0.573465
     0.059897 0.570447 0.819148
     23.154747 0.468756 0.000000
(tri 35.005611 -6.818577 -7.621396
     35.085823 -6.054658 -8.159247
     -11.041250 -1.983655 -7.621396 )
)
(obb 12.118003 -3.198463 -3.104294
     -0.992412 0.122656 0.008557
     0.114761 0.899059 0.422519
     0.044131 0.420295 -0.906314
     23.154743 0.468754 0.000000
(tri 35.132008 -5.614764 -3.104213
     35.043262 -6.459969 -3.500491
     -10.914845 -0.779834 -3.104212 )
)
)
(obb 12.134007 -2.955161 -5.664127
     0.103957 0.989074 -0.104528
     -0.994522 0.104529 -0.000000
     0.010926 0.103955 0.994522
     0.507330 23.150068 2.699591
(obb 12.071849 -3.638001 -8.159296
     -0.996371 0.084953 0.005241
     -0.080709 -0.962560 0.258774
     0.027028 0.257412 0.965924
     23.154747 0.468755 0.000000
(tri 35.085823 -6.054658 -8.159247
     35.180405 -5.153861 -8.401950
     -10.961041 -1.219732 -8.159246 )
)
(obb 12.215549 -2.269454 -3.022516
     -0.992222 0.124466 0.001765
     0.124145 0.988432 0.087125
     0.009100 0.086666 -0.996196
     23.154745 0.468754 0.000000
(tri 35.229549 -4.685737 -3.022499
     35.132008 -5.614764 -3.104213
     -10.817299 0.149194 -3.022498 )
)
)
)
(obb 11.959055 -4.649923 -5.261428
     0.021733 0.102244 0.994522
     -0.994403 0.105090 0.010926
     -0.103397 -0.989193 0.103956
     2.067907 23.171246 0.483059
(obb 11.934450 -4.855886 -6.814290
     0.042516 0.404509 -0.913545
     0.095491 0.908541 0.406737
     0.994522 -0.104528 0.000000
     0.924295 0.091629 23.150013
(obb 11.935468 -4.936892 -6.853428
     -0.995542 0.092854 0.016587
     -0.039745 -0.572430 0.818990
     0.085541 0.814679 0.573569
     23.154747 0.468755 0.000000
(tri 34.949448 -7.353472 -6.853271
     35.005611 -6.818577 -7.621396
     -11.097416 -2.518549 -6.853270 )
)
(obb 11.910122 -5.178312 -5.947701
     -0.994876 0.099193 0.019559
     -0.006883 -0.259456 0.965730
     0.100868 0.960647 0.258809
     23.154745 0.468756 0.000000
(tri 34.924107 -7.594832 -5.947515
     34.949448 -7.353472 -6.853271
     -11.122751 -2.759909 -5.947515 )
)
)
(obb 11.945722 -4.748228 -4.661038
     0.994522 -0.104529 0.000000
     0.042515 0.404509 0.913545
     -0.095492 -0.908541 0.406737
     23.150059 1.349798 0.178409
(obb 12.029262 -4.043632 -3.500627
     -0.992834 0.118645 0.014318
     0.093964 0.700990 0.706953
     0.073840 0.703232 -0.707115
     23.154747 0.468755 0.000000
(tri 35.043262 -6.459969 -3.500491
     34.974026 -7.119408 -4.163539
     -11.003594 -1.625041 -3.500491 )
)
(obb 11.917434 -5.017708 -5.033867
     0.994522 -0.104529 0.000000
     0.027054 0.257402 0.965926
     -0.100967 -0.960634 0.258820
     23.150024 0.923457 0.083739
(obb 11.960026 -4.703017 -4.163712
     -0.993435 0.112916 0.018351
     0.064262 0.418119 0.906116
     0.094642 0.901347 -0.422630
     23.154743 0.468756 0.000000
(tri 34.974026 -7.119408 -4.163539
     34.932640 -7.513543 -5.013382
     -11.072833 -2.284483 -4.163538 )
)
(obb 11.918646 -5.097090 -5.013573
     -0.994144 0.106160 0.020172
     0.029238 0.084557 0.995990
     0.104029 0.990747 -0.087166
     23.154749 0.468755 0.000000
(tri 34.932640 -7.513543 -5.013382
     34.924107 -7.594832 -5.947515
     -11.114225 -2.678620 -5.013381 )
)
)
)
)
)
)
(obb 11.180123 -3.158098 -0.488815
     0.027054 0.257401 0.965926
     -0.867473 0.486218 -0.105271
     -0.496747 -0.835067 0.236443
     7.509149 22.246067 14.164641
(obb 11.500315 -2.619835 -0.641220
     0.027054 0.257401 0.965926
     -0.867473 0.486218 -0.105271
     -0.496747 -0.835067 0.236443
     7.509149 22.246067 13.520066
(obb 11.756021 -3.177241 -1.398195
     0.027054 0.257401 0.965926
     -0.840287 0.529256 -0.117501
     -0.541467 -0.808476 0.230609
     6.641408 21.345232 12.700602
(obb 11.977254 -4.447814 -5.188685
     0.994522 -0.104529 0.000000
     0.100967 0.960634 -0.258820
     0.027054 0.257402 0.965926
     23.150101 0.677309 2.338275
(obb 11.985450 -4.369594 -5.209759
     0.994522 -0.104529 0.000000
     0.100967 0.960634 -0.258820
     0.027054 0.257402 0.965926
     23.150078 0.595886 2.338275
(obb 12.010413 -4.041340 -3.500410
     -0.992412 0.122656 0.008557
     -0.114761 -0.899059 -0.422519
     -0.044131 -0.420295 0.906314
     23.154743 0.468756 0.000000
(tri 35.043262 -6.459969 -3.500491
     -10.914845 -0.779834 -3.104212
     -11.003594 -1.625041 -3.500491 )
)
(obb 11.970349 -4.513675 -5.530339
     0.994522 -0.104529 0.000000
     0.103956 0.989074 -0.104529
     0.010926 0.103956 0.994522
     23.150034 0.333520 2.068011
(obb 11.941170 -4.700819 -4.163403
     -0.992834 0.118645 0.014318
     -0.093964 -0.700993 -0.706951
     -0.073839 -0.703230 0.707117
     23.154747 0.468756 0.000000
(tri 34.974026 -7.119408 -4.163539
     -11.003594 -1.625041 -3.500491
     -11.072833 -2.284483 -4.163538 )
)
(obb 11.972729 -4.400234 -7.621239
     -0.995542 0.092854 0.016587
     0.039745 0.572429 -0.818990
     -0.085541 -0.814680 -0.573567
     23.154747 0.468755 0.000000
(tri 35.005611 -6.818577 -7.621396
     -11.097416 -2.518549 -6.853270
     -11.041250 -1.983655 -7.621396 )
)
)
)
(obb 11.922450 -4.969986 -5.492686
     0.994522 -0.104529 0.000000
     0.103956 0.989074 -0.104529
     0.010926 0.103956 0.994522
     23.150024 0.178580 1.349799
(obb 11.922444 -4.969985 -5.492686
     0.994522 -0.104529 0.000000
     0.103956 0.989074 -0.104529
     0.010926 0.103956 0.994522
     23.150017 0.178580 1.349799
(obb 11.899779 -5.095010 -5.013207
     -0.993435 0.112916 0.018351
     -0.064263 -0.418121 -0.906115
     -0.094641 -0.901346 0.422633
     23.154743 0.468756 0.000000
(tri 34.932640 -7.513543 -5.013382
     -11.072833 -2.284483 -4.163538
     -11.114225 -2.678620 -5.013381 )
)
(obb 11.916575 -4.935069 -6.853085
     -0.994876 0.099193 0.019559
     0.006883 0.259456 -0.965730
     -0.100868 -0.960647 -0.258809
     23.154745 0.468756 0.000000
(tri 34.949448 -7.353472 -6.853271
     -11.122751 -2.759909 -5.947515
     -11.097416 -2.518549 -6.853270 )
)
)
(obb 11.891235 -5.176362 -5.947323
     -0.994144 0.106160 0.020172
     -0.029238 -0.084556 -0.995990
     -0.104029 -0.990747 0.087165
     23.154749 0.468755 0.000000
(tri 34.924107 -7.594832 -5.947515
     -11.114225 -2.678620 -5.013381
     -11.122751 -2.759909 -5.947515 )
)
)
)
(obb 11.498439 -3.015002 -1.434214
     0.027054 0.257401 0.965926
     -0.541467 -0.808476 0.230609
     0.840287 -0.529256 0.117501
     6.641408 12.700602 21.038691
(obb 11.330327 -2.909117 -1.457722
     0.027054 0.257401 0.965926
     -0.840287 0.529256 -0.117501
     -0.541467 -0.808476 0.230609
     6.641408 20.838625 12.700602
(obb 11.375599 -1.922376 0.952207
     0.799056 -0.580549 0.156435
     0.600513 0.757652 -0.255633
     0.029884 0.298206 0.954033
     20.043133 13.247007 3.903195
(obb 12.196703 -2.267096 -3.022548
     -0.992286 0.123856 -0.005241
     -0.120984 -0.958331 0.258775
     0.027028 0.257413 0.965923
     23.154739 0.468735 0.000000
(tri 35.229549 -4.685737 -3.022499
     -10.722721 1.049952 -3.265191
     -10.817299 0.149194 -3.022498 )
)
(obb 3.987047 3.247008 3.027646
     0.105650 0.951123 -0.290179
     0.142655 -0.303290 -0.942159
     -0.984118 0.058144 -0.167725
     14.157763 0.468594 0.000000
(tri 2.561407 -10.331347 6.685431
     2.424432 -10.076641 7.577421
     5.415967 16.854897 -0.639150 )
)
)
(obb 11.139071 -2.915360 -1.928715
     0.027054 0.257401 0.965926
     -0.840287 0.529256 -0.117501
     -0.541467 -0.808476 0.230609
     6.179682 20.625742 12.700592
(obb 3.800323 3.026291 2.135657
     0.094212 0.952324 -0.290179
     -0.202549 -0.267044 -0.942158
     -0.974730 0.147538 0.167733
     14.157764 0.468594 0.000000
(tri 2.374507 -10.552042 5.793442
     2.561407 -10.331347 6.685431
     5.229064 16.634199 -1.531140 )
)
(obb 12.147514 -2.735589 -8.401899
     -0.996371 0.084953 0.005241
     0.080709 0.962560 -0.258774
     -0.027028 -0.257411 -0.965924
     23.154747 0.468757 0.000000
(tri 35.180405 -5.153861 -8.401950
     -10.961041 -1.219732 -8.159246
     -10.866455 -0.318931 -8.401950 )
)
)
)
(obb 12.089759 -3.376151 -5.477423
     0.994522 -0.104529 0.000000
     0.100967 0.960634 -0.258820
     0.027054 0.257402 0.965926
     23.150068 0.442894 2.658985
(obb 12.099161 -3.196117 -3.104196
     -0.992222 0.124466 0.001765
     -0.124145 -0.988432 -0.087125
     -0.009100 -0.086667 0.996196
     23.154745 0.468755 0.000000
(tri 35.132008 -5.614764 -3.104213
     -10.817299 0.149194 -3.022498
     -10.914845 -0.779834 -3.104212 )
)
(obb 12.052937 -3.636360 -8.159137
     -0.996061 0.087909 0.011614
     0.065385 0.816618 -0.573463
     -0.059897 -0.570444 -0.819149
     23.154747 0.468758 0.000000
(tri 35.085823 -6.054658 -8.159247
     -11.041250 -1.983655 -7.621396
     -10.961041 -1.219732 -8.159246 )
)
)
)
)
(obb 10.941121 -2.306408 -0.709081
     0.027054 0.257401 0.965926
     -0.867473 0.486218 -0.105271
     -0.496747 -0.835067 0.236443
     7.509149 21.601444 13.520066
(obb 11.051210 -2.405137 -0.851858
     0.027054 0.257401 0.965926
     -0.867473 0.486218 -0.105271
     -0.496747 -0.835067 0.236443
     7.348802 21.472971 13.167583
(obb 11.079906 -2.714850 -1.371209
     0.861281 -0.497261 0.104529
     0.041970 0.274628 0.960634
     -0.506393 -0.822989 0.257402
     21.215254 7.017069 12.959731
(obb 12.049268 -0.348404 -3.238332
     0.760164 0.615568 -0.207911
     0.027203 0.289562 0.956773
     0.649162 -0.732960 0.203369
     16.327988 5.555253 16.886944
(obb 12.245064 -1.806572 -8.320247
     -0.996435 0.084343 -0.001765
     0.083870 0.992660 0.087132
     0.009101 0.086674 -0.996195
     23.154747 0.468751 0.000000
(tri 35.277958 -4.224833 -8.320230
     -10.866455 -0.318931 -8.401950
     -10.768906 0.610088 -8.320230 )
)
(obb 3.312243 2.866192 1.351196
     0.083569 0.954465 -0.286379
     -0.523735 -0.202423 -0.827482
     -0.847772 0.219139 0.482971
     14.157766 0.468595 0.000000
(tri 1.886262 -10.712114 5.009042
     2.374507 -10.552042 5.793442
     4.740818 16.474134 -2.315542 )
)
)
(obb 12.196914 0.080064 0.641181
     0.760164 0.615568 -0.207911
     0.027203 0.289562 0.956773
     0.649162 -0.732960 0.203369
     16.013466 4.371366 17.051796
(obb 12.291288 -1.366363 -3.265301
     -0.992597 0.120900 -0.011614
     -0.105661 -0.812389 0.573464
     0.059897 0.570445 0.819149
     23.154749 0.468753 0.000000
(tri 35.324142 -3.784974 -3.265191
     -10.642509 1.813866 -3.803037
     -10.722721 1.049952 -3.265191 )
)
(obb 3.849903 3.501716 3.919579
     0.116505 0.951007 -0.286379
     0.470258 -0.306794 -0.827487
     -0.874805 -0.038266 -0.482961
     14.157766 0.468596 0.000000
(tri 2.424432 -10.076641 7.577421
     1.980092 -9.818650 8.361830
     5.278992 17.109606 0.252843 )
)
)
)
(obb 10.814059 -2.255510 -0.516119
     0.013546 0.258464 0.965926
     -0.498412 -0.835706 0.230609
     0.866834 -0.484553 0.117501
     7.113371 13.060715 21.300436
(obb 12.333814 -0.961349 -7.924026
     -0.996245 0.086153 -0.008557
     0.074485 0.903286 0.422524
     0.044132 0.420301 -0.906311
     23.154747 0.468757 0.000000
(tri 35.366703 -3.379629 -7.923945
     -10.768906 0.610088 -8.320230
     -10.680157 1.455294 -7.923945 )
)
(obb 12.044614 0.737206 0.712656
     0.654508 -0.726906 0.207912
     0.755830 0.622384 -0.203369
     0.018429 0.290253 0.956773
     17.082169 16.235271 5.004707
(obb 12.371495 -0.602493 -3.803195
     -0.993116 0.115955 -0.016587
     -0.080022 -0.568212 0.818982
     0.085541 0.814672 0.573579
     23.154743 0.468757 0.000000
(tri 35.404350 -3.021053 -3.803037
     -10.586339 2.348773 -4.571159
     -10.642509 1.813866 -3.803037 )
)
(obb 3.405424 3.759692 4.703874
     0.125467 0.951989 -0.279238
     0.740737 -0.277129 -0.611970
     -0.659974 -0.130060 -0.739945
     14.157764 0.468593 0.000000
(tri 1.980092 -9.818650 8.361830
     1.281987 -9.588490 8.944031
     4.834652 17.367596 1.037248 )
)
)
)
)
(obb 11.366120 4.875398 -2.113378
     0.298487 -0.918650 0.258820
     0.954207 0.281594 -0.100967
     0.019871 0.277105 0.960634
     13.333273 21.413109 6.967649
(obb 2.565136 3.411210 3.023128
     0.994522 -0.104529 0.000000
     0.100967 0.960634 -0.258820
     0.027054 0.257402 0.965926
     0.801143 14.150047 2.658987
(obb 2.207948 3.448746 3.023130
     0.994522 -0.104529 0.000000
     0.100967 0.960634 -0.258820
     0.027054 0.257402 0.965926
     0.441988 14.150040 2.658987
(obb 1.696772 2.795426 0.458950
     0.069557 0.960452 -0.269617
     -0.946623 -0.021726 -0.321609
     -0.314748 0.277596 0.907675
     14.157764 0.468593 0.000000
(tri 0.270574 -10.782785 4.117051
     1.155575 -10.792249 4.426831
     3.125130 16.403461 -3.207524 )
)
(obb 2.707225 3.989818 5.285930
     0.131455 0.953953 -0.269618
     0.921461 -0.217878 -0.321618
     -0.365552 -0.206164 -0.907672
     14.157762 0.468595 0.000000
(tri 1.281987 -9.588490 8.944031
     0.414321 -9.413921 9.253820
     4.136545 17.597750 1.619455 )
)
)
(obb 2.581688 2.786011 0.768880
     0.075007 0.957288 -0.279238
     -0.782141 -0.117228 -0.611975
     -0.618571 0.264306 0.739941
     14.157768 0.468596 0.000000
(tri 1.155575 -10.792249 4.426831
     1.886262 -10.712114 5.009042
     4.010130 16.394001 -2.897743 )
)
)
(obb 12.422021 -0.212017 -6.329298
     0.994522 -0.104529 0.000000
     0.027054 0.257402 0.965926
     -0.100967 -0.960634 0.258820
     23.150024 1.736141 0.318162
(obb 12.440640 -0.034730 -5.931982
     0.994522 -0.104529 0.000000
     0.103956 0.989074 -0.104529
     0.010926 0.103956 0.994522
     23.150011 0.178586 1.350037
(obb 12.452991 0.173653 -5.477104
     -0.994513 0.102649 -0.020172
     -0.011038 0.088778 0.995990
     0.104029 0.990748 -0.087157
     23.154747 0.468755 0.000000
(tri 35.485863 -2.244783 -5.476912
     -10.569534 2.508859 -6.411046
     -10.561002 2.590140 -5.476912 )
)
(obb 12.440640 -0.034730 -5.931982
     0.994522 -0.104529 0.000000
     0.103956 0.989074 -0.104529
     0.010926 0.103956 0.994522
     23.150011 0.178586 1.350037
(obb 12.427649 -0.067646 -4.571345
     -0.993782 0.109617 -0.019559
     -0.047160 -0.255234 0.965729
     0.100868 0.960645 0.258816
     23.154745 0.468756 0.000000
(tri 35.460514 -2.486148 -4.571160
     -10.561002 2.590140 -5.476912
     -10.586339 2.348773 -4.571159 )
)
(obb 12.444448 0.092307 -6.411220
     -0.995222 0.095894 -0.018351
     0.023986 0.422344 0.906118
     0.094642 0.901349 -0.422626
     23.154745 0.468756 0.000000
(tri 35.477325 -2.326066 -6.411046
     -10.610916 2.114727 -7.260891
     -10.569534 2.508859 -6.411046 )
)
)
)
(obb 12.403059 -0.301878 -7.261027
     -0.995824 0.090165 -0.014318
     0.053688 0.705213 0.706959
     0.073840 0.703238 -0.707109
     23.154745 0.468755 0.000000
(tri 35.435940 -2.720196 -7.260892
     -10.680157 1.455294 -7.923945
     -10.610916 2.114727 -7.260891 )
)
)
)
)
)
(obb 1.303442 3.543730 3.023153
     0.027054 0.257401 0.965926
     0.100968 0.960634 -0.258819
     -0.994522 0.104529 -0.000000
     2.658996 14.150269 2.701427
(obb 0.020923 3.731746 3.221097
     0.100968 0.960634 -0.258819
     -0.182298 -0.237880 -0.954034
     -0.978045 0.143509 0.151104
     14.150160 2.699592 1.356905
(obb -0.827522 3.864160 3.381925
     0.100968 0.960634 -0.258819
     -0.182298 -0.237880 -0.954034
     -0.978045 0.143509 0.151104
     14.150070 2.068012 0.483783
(obb -1.126443 3.910766 3.438441
     0.100968 0.960634 -0.258819
     -0.182298 -0.237880 -0.954034
     -0.978045 0.143509 0.151104
     14.150033 1.349799 0.176197
(obb -1.300820 3.817189 3.023178
     0.994522 -0.104529 0.000000
     0.100967 0.960634 -0.258820
     0.027054 0.257402 0.965926
     0.082842 14.150011 0.923468
(obb -1.380128 3.840722 3.019655
     0.107413 0.967912 -0.227175
     -0.195890 -0.203414 -0.959297
     -0.974725 0.147543 0.167754
     14.157768 0.468596 0.000000
(tri -2.809070 -9.767434 6.685472
     0.232400 17.639515 0.252881
     0.045478 17.418816 -0.639108 )
)
(obb -1.243335 3.586032 2.127658
     0.095975 0.969113 -0.227175
     0.149334 -0.239664 -0.959302
     -0.984118 0.058144 -0.167723
     14.157765 0.468595 0.000000
(tri -2.672102 -10.022140 5.793471
     0.045478 17.418816 -0.639108
     0.182452 17.164114 -1.531102 )
)
)
(obb -1.193044 4.061382 3.911585
     0.118055 0.965771 -0.230975
     -0.517058 -0.138796 -0.844622
     -0.847770 0.219140 0.482974
     14.157766 0.468594 0.000000
(tri -2.622154 -9.546738 7.577461
     0.720646 17.799580 1.037279
     0.232400 17.639515 0.252881 )
)
)
(obb -0.678219 3.842282 3.358851
     0.100968 0.960634 -0.258819
     -0.182298 -0.237880 -0.954034
     -0.978045 0.143509 0.151104
     14.150040 2.068012 0.331132
(obb -0.799167 3.328042 1.343193
     0.085120 0.969229 -0.230975
     0.476940 -0.243168 -0.844629
     -0.874804 -0.038266 -0.482963
     14.157770 0.468599 0.000000
(tri -2.227774 -10.280133 5.009071
     0.182452 17.164114 -1.531102
     0.626795 16.906111 -2.315511 )
)
(obb -0.704668 4.221406 4.695873
     0.126618 0.962948 -0.238116
     -0.775467 -0.053599 -0.629109
     -0.618562 0.264307 0.739948
     14.157767 0.468593 0.000000
(tri -2.133913 -9.386670 8.361860
     1.451334 17.879715 1.619476
     0.720646 17.799580 1.037279 )
)
)
)
(obb 0.458821 3.667558 3.153427
     0.100968 0.960634 -0.258819
     -0.182298 -0.237880 -0.954034
     -0.978045 0.143509 0.151104
     14.150093 2.699592 0.909183
(obb 0.008859 3.737794 3.238773
     0.100968 0.960634 -0.258819
     -0.182298 -0.237880 -0.954034
     -0.978045 0.143509 0.151104
     14.150043 2.536788 0.446124
(obb -0.101211 3.097862 0.760867
     0.076159 0.968246 -0.238115
     0.747408 -0.213505 -0.629124
     -0.659985 -0.130056 -0.739936
     14.157763 0.468592 0.000000
(tri -1.529677 -10.510294 4.426851
     0.626795 16.906111 -2.315511
     1.324890 16.675955 -2.897723 )
)
(obb 0.026107 4.301488 5.277917
     0.132067 0.959784 -0.247737
     -0.939946 0.041902 -0.338742
     -0.314738 0.277596 0.907678
     14.157762 0.468592 0.000000
(tri -1.403221 -9.306536 8.944050
     2.336337 17.870241 1.929249
     1.451334 17.879715 1.619476 )
)
)
(obb 0.851889 3.609926 3.092689
     0.100968 0.960634 -0.258819
     -0.182298 -0.237880 -0.954034
     -0.978045 0.143509 0.151104
     14.150049 2.699592 0.507297
(obb 0.766356 2.923263 0.450927
     0.070170 0.966283 -0.247736
     0.928139 -0.154253 -0.338767
     -0.365559 -0.206162 -0.907669
     14.157766 0.468590 0.000000
(tri -0.662010 -10.684864 4.117062
     1.324890 16.675955 -2.897723
     2.192544 16.501387 -3.207516 )
)
(obb 0.911139 4.291975 5.587518
     0.133746 0.956660 -0.258677
     -0.990647 0.136182 -0.008563
     0.027035 0.257403 0.965926
     14.157764 0.468575 0.000000
(tri -0.518212 -9.316002 9.253820
     3.268876 17.772327 1.929241
     2.336337 17.870241 1.929249 )
)
)
)
)
(obb 2.584541 3.355908 2.825188
     0.100968 0.960634 -0.258819
     -0.182298 -0.237880 -0.954034
     -0.978045 0.143509 0.151104
     14.150109 2.699821 1.358316
(obb 2.145279 3.420333 2.893059
     0.100968 0.960634 -0.258819
     -0.182298 -0.237880 -0.954034
     -0.978045 0.143509 0.151104
     14.150080 2.699821 0.909196
(obb 1.752206 3.477969 2.953797
     0.100968 0.960634 -0.258819
     -0.182298 -0.237880 -0.954034
     -0.978045 0.143509 0.151104
     14.150040 2.699821 0.507305
(obb 1.698906 2.825300 0.450747
     0.067877 0.963576 -0.258677
     0.997327 -0.072558 -0.008580
     -0.027037 -0.257403 -0.965926
     14.157765 0.468599 0.000000
(tri 0.270574 -10.782785 4.117051
     2.192544 16.501387 -3.207516
     3.125130 16.403461 -3.207524 )
)
(obb 1.843639 4.194010 5.587345
     0.131455 0.953953 -0.269618
     -0.921462 0.217877 0.321616
     0.365550 0.206165 0.907673
     14.157762 0.468596 0.000000
(tri 0.414321 -9.413921 9.253820
     4.136545 17.597750 1.619455
     3.268876 17.772327 1.929241 )
)
)
(obb 2.595265 3.350089 2.807716
     0.100968 0.960634 -0.258819
     -0.182298 -0.237880 -0.954034
     -0.978045 0.143509 0.151104
     14.150036 2.537017 0.446113
(obb 2.583932 2.815788 0.760358
     0.069557 0.960452 -0.269617
     0.946622 0.021727 0.321612
     0.314751 -0.277596 -0.907674
     14.157764 0.468592 0.000000
(tri 1.155575 -10.792249 4.426831
     3.125130 16.403461 -3.207524
     4.010130 16.394001 -2.897743 )
)
(obb 2.711214 4.019414 5.277406
     0.125467 0.951989 -0.279238
     -0.740736 0.277129 0.611972
     0.659976 0.130060 0.739943
     14.157764 0.468595 0.000000
(tri 1.281987 -9.588490 8.944031
     4.834652 17.367596 1.037248
     4.136545 17.597750 1.619455 )
)
)
)
(obb 3.433008 3.223485 2.664374
     0.100968 0.960634 -0.258819
     -0.182298 -0.237880 -0.954034
     -0.978045 0.143509 0.151104
     14.150030 2.068241 0.485174
(obb 3.282337 3.245587 2.687654
     0.100968 0.960634 -0.258819
     -0.182298 -0.237880 -0.954034
     -0.978045 0.143509 0.151104
     14.150024 2.068241 0.331122
(obb 3.314705 2.895875 1.342414
     0.075007 0.957288 -0.279238
     0.782146 0.117226 0.611969
     0.618564 -0.264307 -0.739946
     14.157768 0.468594 0.000000
(tri 1.886262 -10.712114 5.009042
     4.010130 16.394001 -2.897743
     4.740818 16.474134 -2.315542 )
)
(obb 3.409181 3.789240 4.695092
     0.116505 0.951007 -0.286379
     -0.470259 0.306794 0.827486
     0.874804 0.038266 0.482963
     14.157766 0.468595 0.000000
(tri 1.980092 -9.818650 8.361830
     5.278992 17.109606 0.252843
     4.834652 17.367596 1.037248 )
)
)
(obb 3.731928 3.176868 2.607866
     0.100968 0.960634 -0.258819
     -0.182298 -0.237880 -0.954034
     -0.978045 0.143509 0.151104
     14.150005 1.350028 0.177587
(obb 3.803083 3.055901 2.126704
     0.083569 0.954465 -0.286379
     0.523737 0.202422 0.827481
     0.847771 -0.219140 -0.482972
     14.157766 0.468596 0.000000
(tri 2.374507 -10.552042 5.793442
     4.740818 16.474134 -2.315542
     5.229064 16.634199 -1.531140 )
)
(obb 3.907708 3.270279 3.023145
     0.994522 -0.104529 0.000000
     0.100967 0.960634 -0.258820
     0.027054 0.257402 0.965926
     0.082840 14.150006 0.923458
(obb 3.853352 3.531248 3.910627
     0.105650 0.951123 -0.290179
     -0.142654 0.303290 0.942160
     0.984118 -0.058144 0.167725
     14.157763 0.468595 0.000000
(tri 2.424432 -10.076641 7.577421
     5.415967 16.854897 -0.639150
     5.278992 17.109606 0.252843 )
)
(obb 3.990150 3.276561 3.018635
     0.094212 0.952324 -0.290179
     0.202551 0.267043 0.942158
     0.974729 -0.147538 -0.167735
     14.157764 0.468594 0.000000
(tri 2.561407 -10.331347 6.685431
     5.229064 16.634199 -1.531140
     5.415967 16.854897 -0.639150 )
)
)
)
)
)
)
)
)
(obb 0.836813 -0.180540 4.008950
     0.100968 0.960634 -0.258819
     -0.986510 0.062976 -0.151105
     -0.128857 0.270584 0.954034
     18.029968 2.745014 2.706919
(obb -0.648577 -13.702099 7.634831
     0.154509 -0.267617 -0.951056
     0.972288 -0.129760 0.194471
     -0.175453 -0.954748 0.240152
     2.706179 2.513703 3.904506
(obb -0.189635 -11.158492 6.991373
     0.140291 -0.275337 -0.951056
     0.225180 0.944257 -0.240152
     0.964164 -0.180467 0.194471
     2.704935 1.257906 2.526793
(obb 0.009994 -10.698527 8.465926
     0.201140 0.162880 0.965926
     0.286809 0.933072 -0.217064
     -0.936634 0.320697 0.140963
     1.142001 1.250459 2.552771
(obb 1.456781 -11.160724 8.523577
     0.200828 0.944818 -0.258819
     -0.614519 0.327257 0.717823
     0.762912 0.014890 0.646331
     1.264677 1.734954 0.322474
(obb 2.060225 -11.445765 7.935525
     0.321020 -0.321020 -0.891006
     0.925337 -0.094083 0.367286
     -0.201735 -0.942388 0.266849
     0.922865 0.088031 1.268404
(obb 2.060225 -11.445765 7.935525
     0.321020 -0.321020 -0.891006
     0.925337 -0.094083 0.367286
     -0.201735 -0.942388 0.266849
     0.922865 0.088031 1.268404
(obb 2.180016 -11.345106 7.846205
     0.239648 0.793673 -0.559152
     -0.067004 0.588083 0.806020
     0.968545 -0.155696 0.194112
     1.341513 0.438764 0.000000
(tri 1.887923 -12.667859 8.242661
     2.530906 -10.538413 6.742441
     2.393005 -10.284329 7.634312 )
)
(obb 1.762127 -11.043393 8.623529
     0.354065 0.778476 -0.518279
     -0.367650 0.625421 0.688245
     0.859925 -0.053138 0.507646
     1.326975 0.438031 0.000000
(tri 1.453333 -12.350366 9.009800
     2.393005 -10.284329 7.634312
     1.952678 -9.996399 8.410341 )
)
)
(obb 2.086592 -11.594541 8.017344
     0.354065 0.778476 -0.518279
     0.368766 -0.625490 -0.687586
     -0.859447 0.052326 -0.508540
     1.326975 0.443162 0.000000
(tri 1.887923 -12.667859 8.242661
     1.453333 -12.350366 9.009800
     2.393005 -10.284329 7.634312 )
)
)
(obb 0.970644 -10.897037 9.199585
     0.847398 -0.275337 -0.453990
     0.497038 0.110642 0.860646
     -0.186737 -0.954960 0.230610
     0.942504 0.091504 1.253968
(obb 0.915257 -10.805343 9.224115
     0.813975 -0.362405 -0.453990
     0.258668 0.925894 -0.275337
     0.520130 0.106684 0.847398
     0.920715 1.241406 0.088360
(obb 0.265640 -10.432528 9.487976
     0.524405 0.781685 -0.337592
     -0.772954 0.603329 0.196306
     0.357128 0.157999 0.920595
     1.260872 0.434958 0.000000
(tri -0.059365 -11.680555 9.828251
     1.263051 -9.709347 8.976931
     0.407301 -9.457795 9.265730 )
)
(obb 1.097138 -10.726546 9.193282
     0.452522 0.774104 -0.442704
     -0.613027 0.630577 0.475994
     0.647628 0.055992 0.759896
     1.298971 0.436731 0.000000
(tri 0.777053 -12.007477 9.560461
     1.952678 -9.996399 8.410341
     1.263051 -9.709347 8.976931 )
)
)
(obb 1.055584 -10.867820 9.145849
     0.813975 -0.362405 -0.453990
     0.258668 0.925894 -0.275337
     0.520130 0.106684 0.847398
     0.922805 1.241406 0.088360
(obb 0.948346 -10.965298 9.314857
     0.524405 0.781685 -0.337592
     0.773165 -0.603235 -0.195763
     -0.356672 -0.158355 -0.920711
     1.260872 0.448162 0.000000
(tri 0.777053 -12.007477 9.560461
     -0.059365 -11.680555 9.828251
     1.263051 -9.709347 8.976931 )
)
(obb 1.638662 -11.283452 8.773019
     0.452522 0.774104 -0.442704
     0.613269 -0.630556 -0.475710
     -0.647399 -0.056227 -0.760074
     1.298971 0.446453 0.000000
(tri 1.453333 -12.350366 9.009800
     0.777053 -12.007477 9.560461
     1.952678 -9.996399 8.410341 )
)
)
)
)
(obb -1.376882 -10.289087 8.931402
     0.253164 0.944818 -0.207911
     -0.839401 0.107686 -0.532738
     -0.480951 0.309391 0.820343
     1.167601 1.733552 0.328445
(obb -0.726448 -10.381267 9.435082
     0.154509 -0.267617 -0.951056
     0.226098 0.946648 -0.229645
     0.961773 -0.179550 0.206773
     0.089102 1.169432 0.956165
(obb -0.624549 -10.357426 9.444928
     0.154509 -0.267617 -0.951056
     0.276123 0.935954 -0.218509
     0.948622 -0.228847 0.218508
     0.089102 1.166087 0.922699
(obb -0.811225 -10.459354 9.522532
     0.549579 0.831839 -0.077510
     0.773155 -0.471259 0.424435
     0.316534 -0.293188 -0.902135
     1.174229 0.446607 0.000000
(tri -0.954412 -11.409188 9.780981
     -1.801853 -11.225656 9.423990
     -0.511191 -9.272119 9.241961 )
)
(obb 0.097597 -10.678617 9.575888
     0.559298 0.801498 -0.211630
     0.828680 -0.547296 0.117290
     -0.021817 -0.240973 -0.970287
     1.217341 0.447885 0.000000
(tri -0.059365 -11.680555 9.828251
     -0.954412 -11.409188 9.780981
     0.407301 -9.457795 9.265730 )
)
)
(obb -0.751076 -10.344345 9.420692
     0.154509 -0.267617 -0.951056
     0.226098 0.946648 -0.229645
     0.961773 -0.179550 0.206773
     0.089102 1.136744 0.922873
(obb -0.632167 -10.196439 9.473392
     0.559298 0.801498 -0.211630
     -0.828637 0.547752 -0.115449
     0.023388 0.239935 0.970507
     1.217341 0.432772 0.000000
(tri -0.954412 -11.409188 9.780981
     0.407301 -9.457795 9.265730
     -0.511191 -9.272119 9.241961 )
)
(obb -1.489849 -10.045547 9.151786
     0.549579 0.831839 -0.077510
     -0.774376 0.472392 -0.420936
     -0.313535 0.291360 0.903773
     1.174229 0.430446 0.000000
(tri -1.801853 -11.225656 9.423990
     -0.511191 -9.272119 9.241961
     -1.382120 -9.174628 8.908390 )
)
)
)
(obb -2.167657 -10.165093 8.577444
     0.628458 -0.032936 0.777146
     -0.736091 0.297752 0.607876
     -0.251418 -0.954075 0.162880
     0.922713 0.084714 1.088571
(obb -2.204899 -9.998218 8.562093
     0.490748 0.870013 0.047369
     -0.619212 0.386494 -0.683519
     -0.612978 0.306105 0.728394
     1.136714 0.427863 0.000000
(tri -2.497801 -11.152540 8.800701
     -1.382120 -9.174628 8.908390
     -2.099978 -9.177155 8.305340 )
)
(obb -2.167657 -10.165093 8.577444
     0.628458 -0.032936 0.777146
     -0.736091 0.297752 0.607876
     -0.251418 -0.954075 0.162880
     0.922713 0.084714 1.088571
(obb -1.667426 -10.333884 9.158909
     0.490748 0.870013 0.047369
     0.615728 -0.384753 0.687637
     0.616478 -0.308291 -0.724508
     1.136714 0.442621 0.000000
(tri -1.801853 -11.225656 9.423990
     -2.497801 -11.152540 8.800701
     -1.382120 -9.174628 8.908390 )
)
(obb -2.364186 -10.318516 8.528756
     0.387006 0.910793 0.143813
     0.378020 -0.298974 0.876193
     0.841027 -0.284728 -0.460003
     1.109664 0.437119 0.000000
(tri -2.497801 -11.152540 8.800701
     -2.958872 -11.198504 7.986172
     -2.099978 -9.177155 8.305340 )
)
)
)
)
)
(obb 0.368169 -11.595518 5.656833
     0.861281 -0.090525 0.500000
     0.229668 0.947107 -0.224144
     -0.453263 0.307885 0.836516
     2.698923 1.254570 1.144080
(obb -0.800781 -11.586944 4.676391
     0.200828 0.944818 -0.258819
     -0.957687 0.244956 0.151104
     0.206165 0.217521 0.954034
     1.169929 1.747581 0.340870
(obb 0.051915 -11.824470 4.468239
     0.154509 -0.267617 -0.951056
     0.972288 -0.129760 0.194471
     -0.175453 -0.954748 0.240152
     0.088825 0.936808 1.189260
(obb 0.065792 -11.827123 4.467826
     0.154509 -0.267617 -0.951056
     0.972288 -0.129760 0.194471
     -0.175453 -0.954748 0.240152
     0.085579 0.923052 1.189260
(obb 0.031520 -11.628460 4.334951
     -0.200832 0.951615 -0.232584
     0.979337 0.189264 -0.071265
     -0.023797 -0.242091 -0.969962
     1.219539 0.431421 0.000000
(tri -0.146065 -12.870645 4.649342
     -0.635909 -10.549582 4.082051
     0.282761 -10.735289 4.105862 )
)
(obb 0.897922 -11.781141 4.659806
     -0.165739 0.919300 -0.356957
     0.935192 0.261385 0.238944
     0.312965 -0.294221 -0.903043
     1.261143 0.434286 0.000000
(tri 0.700803 -13.054026 5.006211
     0.282761 -10.735289 4.105862
     1.153545 -10.832754 4.439402 )
)
)
(obb 0.028169 -11.822811 4.461117
     0.140291 -0.275337 -0.951056
     0.174411 0.952408 -0.250001
     0.974628 -0.130802 0.181636
     0.085051 1.191578 0.915621
(obb 0.104507 -12.003525 4.455477
     -0.165739 0.919300 -0.356957
     -0.933949 -0.262544 -0.242507
     -0.316654 0.293187 0.902093
     1.261143 0.414665 0.000000
(tri -0.146065 -12.870645 4.649342
     0.700803 -13.054026 5.006211
     0.282761 -10.735289 4.105862 )
)
(obb -0.793698 -11.788125 4.394245
     -0.200832 0.951615 -0.232584
     -0.979380 -0.189722 0.069429
     0.021943 0.241732 0.970095
     1.219539 0.411190 0.000000
(tri -1.041719 -12.599116 4.601941
     -0.146065 -12.870645 4.649342
     -0.635909 -10.549582 4.082051 )
)
)
)
(obb -1.648553 -11.312922 4.711372
     0.532737 0.113236 0.838671
     -0.825321 0.288706 0.485276
     -0.187179 -0.950698 0.247261
     0.098117 0.925270 1.082137
(obb -1.646623 -11.316483 4.693905
     0.847398 -0.275337 -0.453990
     0.186737 0.954960 -0.230610
     0.497038 0.110641 0.860646
     0.923097 1.090698 0.088311
(obb -0.875174 -11.388395 4.323323
     -0.190974 0.976683 -0.098076
     0.913962 0.140481 -0.380707
     -0.358052 -0.162343 -0.919480
     1.178011 0.428371 0.000000
(tri -1.041719 -12.599116 4.601941
     -1.491659 -10.298028 4.370872
     -0.635909 -10.549582 4.082051 )
)
(obb -1.710979 -11.090543 4.626130
     -0.132820 0.990696 0.029674
     0.748797 0.119915 -0.651861
     -0.649355 -0.064360 -0.757757
     1.141227 0.425653 0.000000
(tri -1.878129 -12.272194 4.869731
     -2.181285 -10.010977 4.937461
     -1.491659 -10.298028 4.370872 )
)
)
(obb -1.651818 -11.313615 4.706234
     0.532737 0.113236 0.838671
     0.187179 0.950698 -0.247261
     -0.825321 0.288706 0.485276
     0.091990 1.082137 0.925270
(obb -1.641661 -11.506217 4.642504
     -0.190974 0.976683 -0.098076
     -0.914040 -0.140516 0.380508
     0.357854 0.162313 0.919562
     1.178011 0.410235 0.000000
(tri -1.878129 -12.272194 4.869731
     -1.041719 -12.599116 4.601941
     -1.491659 -10.298028 4.370872 )
)
(obb -2.338241 -11.190998 5.172316
     -0.132820 0.990696 0.029674
     -0.748645 -0.119899 0.652039
     0.649530 0.064388 0.757605
     1.141227 0.412123 0.000000
(tri -2.554416 -11.929310 5.420402
     -1.878129 -12.272194 4.869731
     -2.181285 -10.010977 4.937461 )
)
)
)
)
(obb 1.817740 -11.807371 6.239326
     0.203369 0.956773 -0.207911
     -0.343376 -0.129166 -0.930274
     -0.916916 0.260581 0.302264
     1.254537 1.776603 0.326557
(obb 2.199163 -11.719676 7.026468
     0.027054 0.257401 0.965926
     -0.978520 0.204371 -0.027054
     -0.204371 -0.944446 0.257401
     0.922268 0.087349 1.272166
(obb 2.299408 -11.595180 6.954226
     0.119819 0.817908 -0.562735
     0.251426 0.523342 0.814186
     0.960432 -0.239041 -0.142937
     1.341023 0.438823 0.000000
(tri 2.028397 -12.921666 7.351582
     2.349756 -10.728000 5.842301
     2.530906 -10.538413 6.742441 )
)
(obb 2.199163 -11.719676 7.026468
     0.027054 0.257401 0.965926
     -0.978520 0.204371 -0.027054
     -0.204371 -0.944446 0.257401
     0.922268 0.087349 1.272166
(obb 2.082228 -12.051730 6.244408
     0.119819 0.817908 -0.562735
     -0.246969 -0.524445 -0.814840
     -0.961587 0.236611 0.139159
     1.341023 0.432642 0.000000
(tri 1.857810 -13.081175 6.444041
     2.028397 -12.921666 7.351582
     2.349756 -10.728000 5.842301 )
)
(obb 2.240052 -11.861184 7.139404
     0.239648 0.793673 -0.559152
     0.069878 -0.588542 -0.805441
     -0.968342 0.153950 -0.196504
     1.341513 0.438452 0.000000
(tri 2.028397 -12.921666 7.351582
     1.887923 -12.667859 8.242661
     2.530906 -10.538413 6.742441 )
)
)
)
(obb 1.578854 -11.927585 5.382465
     0.629320 -0.000000 0.777146
     0.240152 0.951056 -0.194471
     -0.739110 0.309018 0.598519
     1.000553 1.236583 0.088231
(obb 1.503886 -11.993912 5.326334
     0.654508 0.139120 0.743145
     -0.742067 0.306402 0.596199
     -0.144758 -0.941681 0.303779
     0.911005 0.086970 1.312157
(obb 0.946638 -12.127014 4.818052
     -0.093680 0.883785 -0.458420
     -0.782217 -0.350186 -0.515273
     -0.615922 0.310313 0.724117
     1.298045 0.419970 0.000000
(tri 0.700803 -13.054026 5.006211
     1.396746 -13.127139 5.629501
     1.153545 -10.832754 4.439402 )
)
(obb 1.633074 -12.143854 5.438828
     0.005123 0.848878 -0.528564
