(geom 0.000000 0.000000 0.000000
      1.000000 0.000000 0.000000 0.000000 1.000000 0.000000 0.000000 0.000000 1.000000
(obb -0.577236 1.154510 -15.013744
     0.000000 0.000000 1.000000
     -0.000000 -1.000000 0.000000
     1.000000 -0.000000 0.000000
     68.546616 111.169601 111.169617
(obb -45.465790 53.547543 -34.100075
     0.691655 -0.691655 -0.207911
     0.661089 0.722221 -0.203369
     0.290819 0.003213 0.956773
     77.568695 155.676605 67.123581
(obb -44.850143 -1.433591 -14.724041
     0.000000 0.000000 1.000000
     -0.000000 -1.000000 0.000000
     1.000000 -0.000000 0.000000
     68.256912 82.981812 58.421974
(obb -77.188576 19.453304 10.537047
     0.438521 -0.860646 0.258820
     0.618496 0.497944 0.607876
     -0.652044 -0.106487 0.750665
     89.084183 42.060158 60.343811
(obb -77.188576 19.453304 10.537047
     0.438521 -0.860646 0.258820
     0.618496 0.497944 0.607876
     -0.652044 -0.106487 0.750665
     89.084183 42.060158 60.343811
(obb -77.188576 19.453304 10.537047
     0.438521 -0.860646 0.258820
     0.618496 0.497944 0.607876
     -0.652044 -0.106487 0.750665
     89.084183 42.060158 60.343811
(obb -103.272110 32.053905 25.987627
     0.000000 -0.772300 0.635258
     0.000000 -0.635258 -0.772300
     1.000000 0.000000 -0.000000
     107.447586 52.714825 0.000000
(tri -103.272110 81.548195 -82.980949
     -103.272110 81.548225 53.532837
     -103.272110 -84.415382 53.532871 )
)
(obb -0.222632 13.042252 0.349582
     0.253164 0.944818 -0.207911
     0.053811 0.200827 0.978148
     0.965926 -0.258819 0.000001
     2.881048 2.614140 1.579865
(obb -1.274850 11.869008 0.233266
     0.051193 0.976807 -0.207911
     -0.145473 0.213257 0.966105
     0.988037 -0.019212 0.153017
     1.462707 2.032164 0.490739
(obb -1.317406 11.692637 -0.605833
     0.051193 0.976807 -0.207911
     -0.489892 0.205978 0.847101
     0.870279 0.058488 0.489074
     1.462707 1.346773 0.190168
(obb -0.593335 11.543770 -1.638353
     0.215080 -0.976572 -0.006904
     0.701000 0.159303 -0.695141
     0.679955 0.144672 0.718840
     1.491026 0.421369 0.000000
(tri -0.530206 12.665429 -1.923809
     -1.209405 12.932739 -1.335149
     -0.568024 10.020550 -1.355736 )
)
(obb -1.575885 11.772930 -0.307883
     0.319309 -0.162696 -0.933580
     0.947270 0.026867 0.319309
     -0.026867 -0.986310 0.162696
     0.907549 0.093292 1.507494
(obb -1.673284 11.924432 -0.281884
     0.002204 -0.993691 -0.112128
     0.136761 0.111375 -0.984323
     0.990602 -0.013166 0.136143
     1.544212 0.439537 0.000000
(tri -1.615856 13.183538 -0.577977
     -1.736798 13.409949 0.323912
     -1.729992 10.341009 -0.022388 )
)
(obb -1.254433 11.724413 -1.056093
     0.115086 -0.990498 -0.075289
     0.444615 0.119139 -0.887763
     0.888298 0.068694 0.454102
     1.530735 0.431041 0.000000
(tri -1.196496 12.926559 -1.351283
     -1.622246 13.189249 -0.558184
     -1.269915 10.156869 -0.788678 )
)
)
)
(obb -1.558993 12.148225 1.439325
     0.051193 0.976807 -0.207911
     -0.368035 -0.175080 -0.913180
     -0.928401 0.123267 0.350536
     1.455153 0.940050 0.096007
(obb -1.613259 12.288226 1.466093
     -0.230302 -0.969404 -0.084950
     -0.481916 0.189457 -0.855490
     0.845410 -0.156082 -0.510803
     1.487599 0.450718 0.000000
(tri -1.547342 13.565370 1.184943
     -1.053454 13.644919 1.978050
     -1.738647 10.760749 1.725306 )
)
(obb -1.798608 12.120091 0.593442
     -0.115582 -0.986531 -0.115745
     -0.185082 0.135875 -0.973284
     0.975902 -0.091072 -0.198294
     1.529333 0.446202 0.000000
(tri -1.737708 13.405398 0.302847
     -1.539260 13.568198 1.204736
     -1.892788 10.550730 0.850710 )
)
)
)
(obb 0.138166 14.388763 0.053276
     0.253164 0.944818 -0.207911
     0.053811 0.200827 0.978148
     0.965926 -0.258819 0.000001
     1.455893 2.614140 1.579865
(obb -0.238698 14.171482 -1.546099
     0.669130 -0.000000 0.743145
     0.229645 0.951056 -0.206773
     -0.706773 0.309018 0.636381
     0.496115 1.456159 2.041334
(obb 0.237345 13.905566 -2.197662
     0.392877 0.105271 0.913546
     0.217066 0.954738 -0.203368
     -0.893605 0.278198 0.352244
     0.181926 1.418242 1.330152
(obb 0.237345 13.905566 -2.197662
     0.392877 0.105271 0.913546
     0.217066 0.954738 -0.203368
     -0.893605 0.278198 0.352244
     0.181926 1.418242 1.330152
(obb 0.567531 13.510496 -2.455504
     0.145077 -0.970274 0.193703
     -0.988608 -0.134218 0.068123
     -0.040099 -0.201379 -0.978692
     1.356730 0.442289 0.000000
(tri 0.807951 14.886259 -2.748437
     1.201611 12.253459 -2.222831
     0.281973 12.436609 -2.222837 )
)
(obb -0.208331 14.043303 -2.105668
     0.823639 -0.267617 -0.500000
     0.529385 0.046604 0.847101
     -0.203396 -0.962398 0.180058
     0.912577 0.095265 1.425345
(obb -0.889096 14.145310 -1.597821
     0.014324 -0.999621 -0.023507
     -0.757206 -0.026198 0.652650
     -0.653019 0.008451 -0.757294
     1.492125 0.445740 0.000000
(tri -0.572951 15.648548 -1.853658
     -0.530206 12.665429 -1.923809
     -1.209405 12.932739 -1.335149 )
)
(obb -0.243612 13.825995 -2.164140
     0.094183 -0.992844 0.073424
     -0.924582 -0.059883 0.376248
     -0.369158 -0.103323 -0.923605
     1.431217 0.445027 0.000000
(tri 0.033055 15.273619 -2.436666
     0.302648 12.431670 -2.226495
     -0.548072 12.671348 -1.913281 )
)
)
)
(obb -0.244891 14.168225 -2.179713
     0.014324 -0.999621 -0.023507
     0.725184 0.026571 -0.688043
     0.688406 -0.007192 0.725290
     1.492125 0.422910 0.000000
(tri 0.046222 15.266359 -2.445134
     -0.572951 15.648548 -1.853658
     -0.530206 12.665429 -1.923809 )
)
)
(obb -1.187419 14.571780 -0.793521
     0.278505 -0.225529 -0.933580
     0.231346 0.959171 -0.162696
     0.932156 -0.170668 0.319309
     0.934191 1.489403 0.094227
(obb -1.193680 14.576850 -0.772534
     0.278505 -0.225529 -0.933580
     0.932156 -0.170668 0.319309
     -0.231346 -0.959171 0.162696
     0.911712 0.094227 1.489403
(obb -1.406382 14.646388 0.052043
     -0.194488 -0.972383 -0.129019
     -0.205692 -0.088177 0.974636
     -0.959096 0.216093 -0.182862
     1.544475 0.441963 0.000000
(tri -1.015092 16.187180 -0.179443
     -1.615856 13.183538 -0.577977
     -1.736798 13.409949 0.323912 )
)
(obb -1.292206 14.429978 -0.827626
     -0.084723 -0.992156 -0.091912
     -0.507104 -0.036469 0.861113
     -0.857710 0.119565 -0.500037
     1.531648 0.444634 0.000000
(tri -0.936964 15.965828 -1.069729
     -1.196496 12.926559 -1.351283
     -1.622246 13.189249 -0.558184 )
)
)
(obb -1.180927 14.566702 -0.814231
     0.278505 -0.225529 -0.933580
     0.932156 -0.170668 0.319309
     -0.231346 -0.959171 0.162696
     0.911904 0.093922 1.489403
(obb -1.243054 14.728245 -0.811095
     -0.194488 -0.972383 -0.129019
     0.164404 0.097356 -0.981577
     0.967029 -0.212116 0.140929
     1.544475 0.440500 0.000000
(tri -0.932710 15.960678 -1.085646
     -1.015092 16.187180 -0.179443
     -1.615856 13.183538 -0.577977 )
)
(obb -0.864708 14.464310 -1.592274
     -0.084723 -0.992156 -0.091912
     0.467312 0.041904 -0.883099
     0.880023 -0.117771 0.460097
     1.531648 0.432305 0.000000
(tri -0.563672 15.641949 -1.866625
     -0.936964 15.965828 -1.069729
     -1.196496 12.926559 -1.351283 )
)
)
)
)
(obb -0.065226 14.771474 1.658991
     0.772888 -0.081234 0.629321
     0.262955 0.943608 -0.201140
     -0.577493 0.320942 0.750665
     2.035120 1.456054 0.490594
(obb -1.107433 14.871156 0.923308
     0.255633 0.954034 -0.156434
     -0.383956 -0.048315 -0.922087
     -0.887260 0.295780 0.353956
     1.462440 0.934043 0.097367
(obb -1.058280 14.851798 1.037801
     0.357877 -0.018756 0.933581
     -0.886988 0.305660 0.346157
     -0.291851 -0.951956 0.092753
     0.902161 0.093872 1.507031
(obb -0.757169 14.785357 1.715956
     -0.415895 -0.903568 -0.102942
     0.397806 -0.282548 0.872879
     -0.817791 0.322075 0.476955
     1.485634 0.433141 0.000000
(tri -0.311608 16.250111 1.490810
     -1.547342 13.565370 1.184943
     -1.053454 13.644919 1.978050 )
)
(obb -1.219992 14.769485 0.935018
     -0.307410 -0.942219 -0.133123
     0.109165 -0.173892 0.978695
     -0.945295 0.286328 0.156314
     1.528576 0.438014 0.000000
(tri -0.797909 16.285908 0.709823
     -1.737708 13.405398 0.302847
     -1.539260 13.568198 1.204736 )
)
)
(obb -1.147531 14.856502 0.805244
     0.357877 -0.018756 0.933581
     0.291851 0.951956 -0.092753
     -0.886988 0.305660 0.346157
     0.913050 1.507031 0.093973
(obb -1.333431 14.928411 0.072122
     -0.307410 -0.942219 -0.133123
     -0.146848 0.185194 -0.971668
     0.940178 -0.279152 -0.195293
     1.528576 0.446874 0.000000
(tri -1.016369 16.184109 -0.196372
     -0.797909 16.285908 0.709823
     -1.737708 13.405398 0.302847 )
)
(obb -1.122869 15.040652 0.952567
     -0.415895 -0.903568 -0.102942
     -0.428674 0.294613 -0.854073
     0.802041 -0.311076 -0.509864
     1.485634 0.451143 0.000000
(tri -0.804557 16.285290 0.693914
     -0.311608 16.250111 1.490810
     -1.547342 13.565370 1.184943 )
)
)
)
(obb 0.470900 14.716875 2.315928
     0.287606 -0.287607 -0.913545
     0.912983 -0.205877 0.352245
     -0.289385 -0.935359 0.203369
     0.192603 1.335926 1.376648
(obb -0.633897 15.051175 1.724418
     -0.511257 -0.858596 -0.037797
     -0.645615 0.412722 -0.642528
     0.567271 -0.304095 -0.765330
     1.420897 0.453215 0.000000
(tri -0.322836 16.252008 1.477843
     0.385149 16.084101 2.069326
     -1.067739 13.644148 1.961915 )
)
(obb 0.539174 14.584291 2.358368
     0.353956 0.922086 -0.156434
     -0.891663 0.282228 -0.353956
     -0.282228 0.264771 0.922086
     1.373652 1.307816 0.185190
(obb -0.074555 14.692654 2.302698
     -0.511257 -0.858596 -0.037797
     0.623596 -0.400870 0.671142
     -0.591392 0.319556 0.740364
     1.420897 0.427744 0.000000
(tri 0.385149 16.084101 2.069326
     -1.067739 13.644148 1.961915
     -0.337961 13.630869 2.550582 )
)
(obb 0.891964 14.577423 2.543533
     0.105271 -0.236444 -0.965926
     0.941783 -0.288188 0.173184
     -0.319316 -0.927924 0.192341
     0.095399 0.904208 1.275115
(obb 1.606576 14.237823 2.651677
     -0.618179 -0.762937 0.189164
     0.784939 -0.611892 0.097260
     0.041545 0.208606 0.977117
     1.260747 0.416964 0.000000
(tri 2.058652 15.454829 2.372635
     0.499918 13.531089 2.849611
     1.419556 13.347939 2.849611 )
)
(obb 0.745815 14.502653 2.626908
     -0.582862 -0.810260 0.061252
     0.757921 -0.514936 0.400495
     -0.292964 0.279857 0.914249
     1.342570 0.422220 0.000000
(tri 1.208338 15.807899 2.375576
     -0.356727 13.632239 2.540046
     0.520909 13.527729 2.853269 )
)
)
)
)
)
)
)
)
(obb 0.732554 10.457612 0.884119
     0.466790 0.179184 0.866026
     -0.883078 0.147308 0.445503
     -0.047746 -0.972725 0.226995
     2.625183 2.607241 2.881073
(obb 0.800685 11.845634 0.560210
     0.466790 0.179184 0.866026
     0.047746 0.972725 -0.226995
     -0.883078 0.147308 0.445503
     2.625183 1.454131 2.607241
(obb 0.340093 11.573302 -0.590380
     0.362405 0.184654 0.913546
     0.062575 0.973145 -0.221525
     -0.929918 0.137447 0.341118
     1.352974 1.454824 2.634182
(obb 1.897266 11.311508 -1.377024
     0.497553 -0.221525 -0.838670
     0.014574 0.968839 -0.247261
     0.867311 0.110803 0.485277
     0.343573 1.275638 1.698733
(obb 1.163744 11.205177 -1.874846
     0.993159 0.052049 0.104529
     -0.114374 0.253181 0.960634
     0.023535 -0.966018 0.257402
     0.933684 0.108857 1.299911
(obb 1.344426 11.238945 -1.850755
     0.151104 -0.954034 0.258820
     0.143508 -0.237881 -0.960634
     0.978046 0.182298 0.100967
     1.399455 0.095600 0.858363
(obb 1.121034 11.321477 -1.987450
     0.339625 -0.916635 0.210795
     0.939339 0.319136 -0.125678
     0.047929 0.240692 0.969418
     1.356755 0.402701 0.000000
(tri 1.201611 12.253459 -2.222831
     0.281973 12.436609 -2.222837
     1.203550 9.949311 -1.650842 )
)
(obb 1.972840 11.306424 -1.714775
     0.343627 -0.873325 0.345288
     0.890038 0.420155 0.176925
     -0.299587 0.246523 0.921669
     1.278917 0.396319 0.000000
(tri 2.058266 12.152310 -1.913261
     1.180630 12.256819 -2.226489
     2.059572 10.022999 -1.343299 )
)
)
(obb 0.982161 11.171461 -1.888009
     0.151104 -0.954034 0.258820
     0.143508 -0.237881 -0.960634
     0.978046 0.182298 0.100967
     1.399455 0.095452 0.899392
(obb 0.328025 11.047017 -1.903259
     0.339625 -0.916635 0.210795
     -0.940561 -0.330977 0.076155
     -0.000038 -0.224130 -0.974559
     1.356755 0.440946 0.000000
(tri 0.281973 12.436609 -2.222837
     1.203550 9.949311 -1.650842
     0.265859 9.949499 -1.650849 )
)
(obb 1.238835 10.951807 -1.881222
     0.343627 -0.873325 0.345288
     -0.874626 -0.431508 -0.220977
     0.341979 -0.226064 -0.912110
     1.278917 0.435919 0.000000
(tri 1.180630 12.256819 -2.226489
     2.059572 10.022999 -1.343299
     1.178414 9.948282 -1.655155 )
)
)
)
(obb 2.696749 11.229345 -1.020053
     0.646330 0.173183 0.743145
     -0.762898 0.166593 0.624687
     -0.015617 -0.970698 0.239795
     0.936335 0.100368 1.103696
(obb 2.691888 11.203850 -1.015439
     0.660892 0.104675 0.743145
     -0.746412 0.194650 0.636380
     -0.078040 -0.975272 0.206773
     1.006778 0.094344 1.063251
(obb 2.686896 11.360986 -1.174255
     0.296988 -0.826327 0.478520
     0.734806 0.517802 0.438111
     -0.609802 0.221506 0.760971
     1.205963 0.393638 0.000000
(tri 2.769268 12.140410 -1.335123
     2.039491 12.153679 -1.923790
     2.755805 10.160640 -0.769634 )
)
(obb 3.178789 11.479417 -0.427082
     0.197785 -0.782785 0.590024
     0.498439 0.598603 0.627082
     -0.844061 0.170063 0.508566
     1.145914 0.395575 0.000000
(tri 3.248872 12.219189 -0.558144
     2.754974 12.139629 -1.351257
     3.208264 10.345620 0.000977 )
)
)
(obb 2.696484 11.229403 -1.019835
     0.646330 0.173183 0.743145
     -0.762898 0.166593 0.624687
     -0.015617 -0.970698 0.239795
     0.936335 0.100020 1.103696
(obb 2.094548 10.930841 -1.549410
     0.296988 -0.826327 0.478520
     -0.706268 -0.527354 -0.472317
     0.642637 -0.197691 -0.740227
     1.205963 0.429158 0.000000
(tri 2.039491 12.153679 -1.923790
     2.755805 10.160640 -0.769634
     2.037463 10.020020 -1.355717 )
)
(obb 2.787755 10.987277 -0.948923
     0.197785 -0.782785 0.590024
     -0.459834 -0.605669 -0.649398
     0.865698 -0.142872 -0.479744
     1.145914 0.421595 0.000000
(tri 2.754974 12.139629 -1.351257
     3.208264 10.345620 0.000977
     2.739393 10.156069 -0.788651 )
)
)
)
)
(obb -1.049318 11.709777 -0.459300
     0.051193 0.976807 -0.207911
     -0.870279 -0.058488 -0.489074
     -0.489892 0.205978 0.847100
     1.462707 0.496147 2.032418
(obb -0.508615 11.398079 -1.567173
     0.517982 0.168302 0.838671
     0.042122 0.974245 -0.221525
     -0.854354 0.150073 0.497552
     0.096414 1.414217 0.944477
(obb -0.541369 11.428843 -1.553117
     0.517982 0.168302 0.838671
     -0.855387 0.098879 0.508464
     0.002649 -0.980764 0.195181
     0.096414 0.910259 1.434194
(obb -1.216016 11.402495 -1.053427
     0.215080 -0.976572 -0.006904
     -0.735745 -0.166681 0.656427
     -0.642199 -0.136105 -0.754358
     1.491026 0.444857 0.000000
(tri -1.209405 12.932739 -1.335149
     -0.568024 10.020550 -1.355736
     -1.286317 10.161439 -0.769660 )
)
(obb -0.524854 11.203848 -1.614689
     0.293287 -0.951758 0.090222
     -0.892786 -0.238911 0.381910
     -0.341930 -0.192558 -0.919785
     1.430453 0.443909 0.000000
(tri -0.548072 12.671348 -1.913281
     0.290995 9.948458 -1.655163
     -0.590133 10.023530 -1.343320 )
)
)
(obb 0.230926 11.403906 -1.961100
     0.293287 -0.951758 0.090222
     0.873534 0.228436 -0.429832
     0.388486 0.204876 0.898390
     1.430453 0.411506 0.000000
(tri 0.302648 12.431670 -2.226495
     -0.548072 12.671348 -1.913281
     0.290995 9.948458 -1.655163 )
)
)
(obb -1.574875 11.873392 0.179991
     0.051193 0.976807 -0.207911
     -0.145473 0.213257 0.966105
     0.988037 -0.019212 0.153017
     1.462707 1.346260 0.186067
(obb -1.663146 11.618690 -0.289964
     0.115086 -0.990498 -0.075289
     -0.488907 -0.122456 0.863698
     -0.864711 -0.062590 -0.498354
     1.530735 0.443982 0.000000
(tri -1.622246 13.189249 -0.558184
     -1.269915 10.156869 -0.788678
     -1.738727 10.346609 0.000943 )
)
(obb -1.726335 11.967289 0.641894
     0.024472 0.154508 0.987688
     0.050421 0.986536 -0.155577
     -0.998428 0.053608 0.016352
     0.907467 1.501221 0.094392
(obb -1.814446 11.826633 0.582042
     0.002204 -0.993691 -0.112128
     -0.183563 -0.110625 0.976763
     -0.983005 0.018430 -0.182649
     1.544212 0.441539 0.000000
(tri -1.736798 13.409949 0.323912
     -1.729992 10.341009 -0.022388
     -1.892788 10.556689 0.875532 )
)
(obb -1.653974 12.001797 1.457268
     -0.115582 -0.986531 -0.115745
     0.141726 -0.131713 0.981104
     -0.983135 0.096994 0.155041
     1.529333 0.437818 0.000000
(tri -1.539260 13.568198 1.204736
     -1.892788 10.550730 0.850710
     -1.729913 10.766349 1.748630 )
)
)
)
)
)
(obb 1.311819 11.862865 1.735805
     0.362405 0.184654 0.913546
     0.111157 0.964618 -0.239074
     -0.925368 0.188189 0.329057
     1.349366 1.399694 2.611944
(obb 2.631142 11.732536 1.633826
     0.050554 0.964602 -0.258819
     -0.487584 0.250005 0.836516
     0.871611 0.083907 0.482963
     1.080040 2.026473 0.496228
(obb 3.313237 11.485816 0.584101
     0.027054 0.257401 0.965926
     0.048780 0.964788 -0.258464
     -0.998443 0.054110 0.013546
     0.936360 1.001629 0.096124
(obb 3.313237 11.485816 0.584101
     0.027054 0.257401 0.965926
     0.048780 0.964788 -0.258464
     -0.998443 0.054110 0.013546
     0.936360 1.001629 0.096124
(obb 3.375411 11.293985 0.727891
     -0.109682 -0.739392 0.664282
     0.137692 -0.673173 -0.726553
     0.984383 0.011776 0.175643
     1.088225 0.409996 0.000000
(tri 3.438317 12.374609 0.302887
     3.199599 10.765360 1.748663
     3.362395 10.549679 0.850743 )
)
(obb 3.232193 11.113855 -0.156316
     0.055017 -0.751351 0.657605
     -0.167345 -0.656225 -0.735775
     0.984362 -0.069566 -0.161839
     1.105154 0.414711 0.000000
(tri 3.240790 12.216358 -0.577937
     3.362395 10.555640 0.875572
     3.199529 10.340019 -0.022355 )
)
)
(obb 3.312908 11.485834 0.584105
     0.027054 0.257401 0.965926
     0.048780 0.964788 -0.258464
     -0.998443 0.054110 0.013546
     0.936360 1.001629 0.095795
(obb 3.282885 11.847691 1.328926
     -0.109682 -0.739392 0.664282
     -0.087409 0.672900 0.734552
     -0.990116 0.022503 -0.138434
     1.088225 0.412701 0.000000
(tri 3.317365 12.601018 1.204770
     3.438317 12.374609 0.302887
     3.199599 10.765360 1.748663 )
)
(obb 3.387561 11.648355 0.441382
     0.055017 -0.751351 0.657605
     0.213712 0.652201 0.727297
     -0.975346 0.100524 0.196455
     1.105154 0.402262 0.000000
(tri 3.439227 12.379160 0.323945
     3.240790 12.216358 -0.577937
     3.362395 10.555640 0.875572 )
)
)
)
(obb 2.374232 11.958887 2.403686
     0.750665 -0.201141 -0.629320
     0.658104 0.143580 0.739110
     -0.058307 -0.968983 0.240152
     1.351725 0.184498 1.080663
(obb 2.106751 12.034661 2.737219
     0.100968 0.960634 -0.258819
     -0.520690 -0.170651 -0.836517
     -0.847754 0.219225 0.482963
     1.102694 0.094015 0.905769
(obb 2.106558 12.034061 2.737153
     0.100968 0.960634 -0.258819
     -0.847754 0.219225 0.482963
     0.520690 0.170651 0.836517
     1.102115 0.905769 0.093757
(obb 2.054753 11.915637 2.883307
     -0.449448 -0.820566 0.353084
     0.825237 -0.532724 -0.187587
     0.342024 0.207068 0.916593
     1.191440 0.412816 0.000000
(tri 2.249572 13.113209 2.540067
     1.178592 11.157899 3.381424
     2.059730 11.082838 3.069587 )
)
(obb 2.745431 11.720446 2.341785
     -0.385342 -0.779258 0.494236
     0.662194 -0.606532 -0.440021
     0.642660 0.157721 0.749742
     1.133129 0.409500 0.000000
(tri 2.910905 12.851819 1.961941
     2.037621 11.085820 3.082006
     2.755924 10.944919 2.495936 )
)
)
(obb 2.201011 12.236646 2.731205
     -0.385342 -0.779258 0.494236
     -0.626595 0.614151 0.479788
     -0.677414 -0.124803 -0.724937
     1.133129 0.436090 0.000000
(tri 2.231706 13.119128 2.550596
     2.910905 12.851819 1.961941
     2.037621 11.085820 3.082006 )
)
)
(obb 3.042928 11.776342 1.855034
     0.471671 -0.272320 -0.838670
     0.879003 0.069858 0.471671
     -0.069858 -0.959668 0.272320
     0.471397 0.013201 0.994410
(obb 2.871570 12.052516 2.126295
     -0.266147 -0.749734 0.605858
     -0.376807 0.659436 0.650508
     -0.887233 -0.055161 -0.458012
     1.097596 0.424792 0.000000
(tri 2.898005 12.858008 1.978076
     3.323756 12.595298 1.184977
     2.739512 10.949488 2.514952 )
)
(obb 3.204708 11.504744 1.594785
     -0.266147 -0.749734 0.605858
     0.423891 -0.655524 -0.624984
     0.865727 0.090480 0.492271
     1.097596 0.408298 0.000000
(tri 3.323756 12.595298 1.184977
     2.739512 10.949488 2.514952
     3.208333 10.759759 1.725338 )
)
)
)
)
(obb 0.095929 12.062086 2.578413
     0.329057 -0.239074 -0.913545
     0.188188 0.964618 -0.184655
     0.925368 -0.111156 0.362405
     0.492406 1.443008 1.862177
(obb -0.730128 12.183638 2.408730
     0.706772 -0.229645 0.669131
     0.309018 0.951056 -0.000000
     -0.636381 0.206774 0.743145
     0.872990 1.664898 0.187856
(obb -1.006733 12.209513 2.313721
     0.155578 0.982278 -0.104528
     -0.634280 0.018214 -0.772889
     -0.757288 0.186545 0.625873
     1.475453 0.892630 0.093061
(obb -1.202927 12.123693 2.231245
     -0.230302 -0.969404 -0.084950
     0.445844 -0.182708 0.876266
     -0.864977 0.163931 0.474281
     1.487599 0.433164 0.000000
(tri -1.053454 13.644919 1.978050
     -1.738647 10.760749 1.725306
     -1.269767 10.950289 2.514920 )
)
(obb -0.516642 12.178081 2.812607
     -0.332921 -0.942759 -0.019198
     0.690300 -0.257538 0.676136
     -0.642378 0.211848 0.736527
     1.424085 0.427969 0.000000
(tri -0.337961 13.630869 2.550582
     -1.286178 10.945730 2.495902
     -0.567826 11.086339 3.081985 )
)
)
(obb -0.526876 12.271177 2.697873
     0.154509 0.975528 -0.156434
     -0.867599 0.058223 -0.493845
     -0.472651 0.212026 0.855363
     1.378735 0.912639 0.095896
(obb -1.136718 12.408891 2.231229
     -0.332921 -0.942759 -0.019198
     -0.716661 0.266205 -0.644618
     0.612830 -0.200848 -0.764264
     1.424085 0.453002 0.000000
(tri -1.067739 13.644148 1.961915
     -0.337961 13.630869 2.550582
     -1.286178 10.945730 2.495902 )
)
(obb -0.423447 12.467576 2.795093
     -0.412398 -0.907458 0.080300
     -0.858614 0.357709 -0.367187
     0.304482 -0.220374 -0.926675
     1.346823 0.452973 0.000000
(tri -0.356727 13.632239 2.540046
     0.520909 13.527729 2.853269
     -0.589945 11.083359 3.069569 )
)
)
)
(obb 0.835958 12.137081 2.989624
     0.032525 0.205352 0.978148
     -0.403436 -0.892697 0.200827
     0.914430 -0.401152 0.053812
     0.193306 1.531971 0.876883
(obb 1.132021 12.191373 3.062385
     0.954034 -0.255633 -0.156434
     0.210892 0.943492 -0.255633
     0.212942 0.210892 0.954034
     0.912238 1.238948 0.102275
(obb 0.442349 12.456801 3.086215
     -0.455641 -0.865433 0.208367
     -0.889155 0.453621 -0.060263
     -0.042366 -0.212729 -0.976192
     1.265776 0.450391 0.000000
(tri 0.499918 13.531089 2.849611
     1.419556 13.347939 2.849611
     0.266076 11.157050 3.377103 )
)
(obb 1.355301 12.376948 3.065045
     -0.449448 -0.820566 0.353084
     -0.806558 0.542667 0.234471
     -0.384006 -0.179400 -0.905734
     1.191440 0.444830 0.000000
(tri 1.398852 13.352888 2.853275
     2.249572 13.113209 2.540067
     1.178592 11.157899 3.381424 )
)
)
(obb 0.436371 12.266534 3.051325
     0.140963 -0.217065 -0.965926
     0.982843 -0.086544 0.162880
     -0.118951 -0.972313 0.201141
     0.098699 0.903339 1.276169
(obb 1.214367 12.067590 3.157854
     -0.455641 -0.865433 0.208367
     0.890163 -0.442995 0.106605
     0.000046 0.234055 0.972223
     1.265776 0.417396 0.000000
(tri 1.419556 13.347939 2.849611
     0.266076 11.157050 3.377103
     1.203778 11.156859 3.377105 )
)
(obb 0.322316 12.158620 3.133651
     -0.412398 -0.907458 0.080300
     0.844401 -0.347677 0.407563
     -0.341928 0.235884 0.909640
     1.346823 0.422589 0.000000
(tri 0.520909 13.527729 2.853269
     -0.589945 11.083359 3.069569
     0.291222 11.158080 3.381418 )
)
)
)
)
)
)
(obb -0.147911 9.385462 1.136432
     0.027054 -0.257402 -0.965926
     0.987875 0.154661 -0.013546
     0.152878 -0.953847 0.258465
     2.612885 1.578915 1.453473
(obb -0.502495 9.584853 2.707932
     0.750665 0.201140 0.629321
     -0.092669 0.975169 -0.201140
     -0.654152 0.092671 0.750665
     2.018157 1.458895 0.484430
(obb -1.459051 9.350113 1.999204
     0.932301 0.048859 -0.358368
     0.339175 0.225973 0.913179
     0.125599 -0.972907 0.194103
     0.100403 0.924587 1.460700
(obb -1.463216 9.346995 1.986274
     0.932301 0.048859 -0.358368
     0.339175 0.225973 0.913179
     0.125599 -0.972907 0.194103
     0.099806 0.910662 1.460700
(obb -1.552721 9.501371 2.024439
     -0.035714 -0.996877 -0.070432
     -0.510299 0.078788 -0.856380
     0.859255 0.005356 -0.511519
     1.489044 0.450273 0.000000
(tri -1.738647 10.760749 1.725306
     -1.269767 10.950289 2.514920
     -1.376128 7.981501 2.305167 )
)
(obb -1.699584 9.286938 1.158693
     0.080794 -0.991507 -0.101910
     -0.209283 0.083089 -0.974319
     0.974512 0.100048 -0.200793
     1.529418 0.445516 0.000000
(tri -1.892788 10.550730 0.850710
     -1.729913 10.766349 1.748630
     -1.482776 7.733491 1.436905 )
)
)
(obb -1.452638 9.354292 2.016456
     0.932301 0.048859 -0.358368
     -0.125599 0.972908 -0.194103
     0.339175 0.225973 0.913180
     0.100403 1.460612 0.905713
(obb -1.535248 9.211502 2.022915
     0.080794 -0.991507 -0.101910
     0.162442 -0.087778 0.982806
     -0.983405 -0.095960 0.153971
     1.529418 0.437673 0.000000
(tri -1.729913 10.766349 1.748630
     -1.482776 7.733491 1.436905
     -1.367749 7.990038 2.331466 )
)
(obb -1.119068 9.431693 2.790744
     -0.035714 -0.996877 -0.070432
     0.470628 -0.078950 0.878793
     -0.881609 -0.001762 0.471977
     1.489044 0.433208 0.000000
(tri -1.269767 10.950289 2.514920
     -1.376128 7.981501 2.305167
     -0.955561 8.270587 3.091825 )
)
)
)
(obb -0.027661 9.781452 3.347187
     0.051192 -0.976807 0.207912
     0.368035 -0.175081 -0.913179
     0.928402 0.123267 0.350536
     1.378695 0.185084 1.323299
(obb 0.227478 9.869767 3.556436
     0.051193 0.976807 -0.207911
     -0.196984 0.213971 0.956773
     0.979069 -0.008025 0.203369
     1.344505 0.096257 0.909066
(obb -0.428093 9.929074 3.343310
     -0.226709 -0.969237 0.095828
     -0.912103 0.176774 -0.369892
     0.341573 -0.171263 -0.924120
     1.350620 0.452928 0.000000
(tri -0.589945 11.083359 3.069569
     0.291222 11.158080 3.381418
     -0.321174 8.539938 3.640272 )
)
(obb 0.418944 10.091325 3.632524
     -0.277066 -0.934385 0.223962
     -0.960851 0.269445 -0.064534
     -0.000045 -0.233074 -0.972459
     1.270274 0.450522 0.000000
(tri 0.266076 11.157050 3.377103
     1.203778 11.156859 3.377105
     0.499879 8.783008 3.946091 )
)
)
(obb -1.112172 9.724166 2.783640
     -0.141884 -0.989875 -0.004064
     -0.755133 0.110890 -0.646125
     0.640034 -0.088606 -0.763221
     1.426827 0.452771 0.000000
(tri -1.286178 10.945730 2.495902
     -0.567826 11.086339 3.081985
     -0.972714 8.261578 3.070389 )
)
)
)
(obb -0.400050 8.942681 -0.427258
     0.776081 -0.040673 -0.629320
     -0.144429 0.959931 -0.240152
     0.613871 0.277270 0.739110
     2.044005 1.452063 0.494071
(obb -1.419297 8.983662 0.317685
     0.153016 -0.966105 0.207912
     0.336145 -0.146961 -0.930274
     0.929297 0.212235 0.302264
     1.476178 0.909286 0.103443
(obb -1.380055 8.975644 0.202683
     0.353956 -0.056061 -0.933580
     0.916903 0.217612 0.334566
     0.184402 -0.974424 0.128428
     0.898279 0.099040 1.548746
(obb -1.537802 9.105822 0.290364
     0.198632 -0.975072 -0.098890
     0.110540 0.122546 -0.986288
     0.973821 0.184977 0.132126
     1.543080 0.438586 0.000000
(tri -1.729992 10.341009 -0.022388
     -1.892788 10.556689 0.875532
     -1.279778 7.547460 0.570341 )
)
(obb -1.088789 8.979038 -0.477651
     0.309767 -0.948759 -0.062458
     0.410385 0.192666 -0.891327
     0.857688 0.250471 0.449038
     1.528716 0.429824 0.000000
(tri -1.269915 10.156869 -0.788678
     -1.738727 10.346609 0.000943
     -0.791637 7.445843 -0.190018 )
)
)
(obb -1.465483 8.989359 0.429403
     0.353956 -0.056061 -0.933580
     0.916903 0.217612 0.334566
     0.184402 -0.974424 0.128428
     0.903323 0.098532 1.548746
(obb -1.656965 8.993904 1.154527
     0.198632 -0.975072 -0.098890
     -0.160208 -0.131847 0.978238
     -0.966891 -0.178466 -0.182403
     1.543080 0.441192 0.000000
(tri -1.892788 10.556689 0.875532
     -1.279778 7.547460 0.570341
     -1.484171 7.740524 1.464901 )
)
(obb -1.467579 8.804877 0.289279
     0.309767 -0.948759 -0.062458
     -0.456442 -0.206009 0.865576
     -0.834090 -0.239618 -0.496868
     1.528716 0.443424 0.000000
(tri -1.738727 10.346609 0.000943
     -0.791637 7.445843 -0.190018
     -1.290788 7.552143 0.596641 )
)
)
)
(obb 0.116752 8.884166 -1.068753
     0.302264 0.272160 0.913546
     -0.191426 0.956182 -0.221525
     -0.933805 -0.107917 0.341118
     0.196760 1.423632 1.328367
(obb -0.987556 8.667123 -0.468249
     0.406123 -0.913800 0.005780
     -0.688578 -0.301856 0.659351
     -0.600770 -0.271757 -0.751813
     1.488583 0.444083 0.000000
(tri -1.286317 10.161439 -0.769660
     -0.077223 7.440904 -0.752451
     -0.810927 7.447611 -0.168576 )
)
(obb 0.141958 8.887078 -1.077961
     0.302264 0.272160 0.913546
     -0.191426 0.956182 -0.221525
     -0.933805 -0.107917 0.341118
     0.196760 1.423632 1.301373
(obb 1.310502 9.031001 -1.401901
     0.517712 -0.825757 0.223831
     0.855555 0.499666 -0.135495
     0.000045 0.261648 0.965163
     1.355002 0.401076 0.000000
(tri 1.203550 9.949311 -1.650842
     0.265859 9.949499 -1.650849
     1.668860 7.711695 -1.044265 )
)
(obb -0.296899 8.820982 -0.985100
     0.864839 0.045324 -0.500000
     -0.179784 0.957829 -0.224144
     0.468755 0.283741 0.836516
     0.902652 1.413521 0.096767
(obb 0.425186 8.939278 -1.375587
     0.478754 -0.871886 0.103001
     0.808984 0.392522 -0.437575
     0.341086 0.292817 0.893263
     1.428110 0.409903 0.000000
(tri 0.290995 9.948458 -1.655163
     -0.590133 10.023530 -1.343320
     0.777295 7.533232 -1.049127 )
)
(obb -0.407315 8.921288 -1.055299
     0.406123 -0.913800 0.005780
     0.653590 0.286044 -0.700713
     0.638659 0.288353 0.713420
     1.488583 0.419920 0.000000
(tri -0.568024 10.020550 -1.355736
     -1.286317 10.161439 -0.769660
     -0.077223 7.440904 -0.752451 )
)
)
)
)
)
)
)
)
(obb 1.883219 6.805202 1.920357
     0.221525 0.341118 0.913546
     -0.895487 -0.299708 0.329057
     0.386044 -0.890962 0.239074
     2.712679 2.882887 4.602491
(obb 1.189118 8.338504 1.439068
     0.125689 0.282301 0.951057
     -0.953398 -0.230680 0.194470
     0.274289 -0.931178 0.240151
     2.645646 2.696484 2.725282
(obb 1.294886 9.620655 1.201112
     0.229645 -0.206773 -0.951056
     0.956769 0.227161 0.181636
     0.178486 -0.951653 0.250001
     2.621979 2.184704 1.355955
(obb 1.471901 9.685830 2.766970
     0.949753 -0.049775 -0.309017
     0.309662 0.293213 0.904508
     0.045586 -0.954751 0.293893
     2.344651 0.900169 1.337539
(obb 0.441730 9.948561 3.335773
     0.966105 0.205351 0.156435
     -0.161223 0.953236 -0.255633
     -0.201614 0.221747 0.954033
     1.754442 1.312211 0.342098
(obb -0.385037 9.762632 3.302932
     0.526081 -0.140963 -0.838670
     -0.093052 0.970705 -0.221525
     0.845328 0.194580 0.497553
     0.097455 1.350883 0.904557
(obb -0.459683 9.628245 3.367350
     -0.141884 -0.989875 -0.004064
     0.725382 -0.106764 0.680017
     -0.673566 0.093536 0.733185
     1.426827 0.428170 0.000000
(tri -0.567826 11.086339 3.081985
     -0.972714 8.261578 3.070389
     -0.297334 8.548333 3.654267 )
)
(obb 0.363499 9.777757 3.685579
     -0.226709 -0.969237 0.095828
     0.894933 -0.168479 0.413171
     -0.384315 0.179429 0.905598
     1.350620 0.422909 0.000000
(tri 0.291222 11.158080 3.381418
     -0.321174 8.539938 3.640272
     0.527547 8.789776 3.950949 )
)
)
(obb 1.341414 9.975196 3.583346
     0.050553 -0.964602 0.258820
     0.988454 0.011259 -0.151105
     0.142842 0.263470 0.954033
     1.201331 0.900053 0.095708
(obb 1.326128 10.190234 3.611948
     -0.279351 -0.886705 0.368399
     -0.897350 0.377607 0.228421
     -0.341651 -0.266773 -0.901169
     1.196214 0.445132 0.000000
(tri 1.178592 11.157899 3.381424
     2.059730 11.082838 3.069587
     1.391403 8.961461 3.950955 )
)
(obb 1.341387 9.974532 3.583116
     0.050553 -0.964602 0.258820
     0.988454 0.011259 -0.151105
     0.142842 0.263470 0.954033
     1.200751 0.900053 0.095309
(obb 2.103531 9.872462 3.436593
     -0.279351 -0.886705 0.368399
     0.914840 -0.362307 -0.178333
     0.291602 0.287208 0.912403
     1.196214 0.413149 0.000000
(tri 2.059730 11.082838 3.069587
     1.391403 8.961461 3.950955
     2.271166 9.055154 3.640292 )
)
(obb 1.252725 9.862483 3.709259
     -0.277066 -0.934385 0.223962
     0.959601 -0.257198 0.114082
     -0.048994 0.246522 0.967898
     1.270274 0.417774 0.000000
(tri 1.203778 11.156859 3.377105
     0.499879 8.783008 3.946091
     1.419596 8.965794 3.946091 )
)
)
)
)
(obb 2.953704 9.884479 2.328269
     0.517983 -0.168303 -0.838670
     -0.131195 0.953221 -0.272320
     0.845270 0.251086 0.471671
     1.338897 1.060071 0.184430
(obb 2.499049 10.048871 3.069594
     0.776081 -0.040673 -0.629320
     0.613871 0.277270 0.739110
     0.144430 -0.959931 0.240152
     0.523925 0.017862 1.059062
(obb 2.180125 10.212008 3.281045
     -0.224117 -0.831055 0.509037
     -0.734921 0.487159 0.471770
     -0.640049 -0.268370 -0.719940
     1.137785 0.436514 0.000000
(tri 2.037621 11.085820 3.082006
     2.755924 10.944919 2.495936
     2.245931 9.053794 3.654285 )
)
(obb 2.816673 9.806493 2.899255
     -0.224117 -0.831055 0.509037
     0.770761 -0.470797 -0.429277
     0.596406 0.296138 0.746058
     1.137785 0.409655 0.000000
(tri 2.755924 10.944919 2.495936
     2.245931 9.053794 3.654285
     2.979636 9.047087 3.070417 )
)
)
(obb 3.237873 9.861776 1.991098
     0.371573 -0.165435 -0.913545
     -0.161488 0.957479 -0.239074
     0.914251 0.236360 0.329057
     0.974231 0.996700 0.098804
(obb 3.307954 9.672018 2.158350
     -0.112535 -0.776396 0.620118
     0.547874 -0.569127 -0.613130
     0.828957 0.270748 0.489414
     1.101824 0.408149 0.000000
(tri 3.208333 10.759759 1.725338
     2.960346 9.048856 3.091859
     3.459506 8.942558 2.305199 )
)
(obb 3.237873 9.861776 1.991098
     0.371573 -0.165435 -0.913545
     -0.161488 0.957479 -0.239074
     0.914251 0.236360 0.329057
     0.974231 0.996700 0.098804
(obb 3.315289 10.019300 1.889459
     0.039432 -0.733870 0.678144
     -0.218348 0.655942 0.722540
     -0.975074 -0.176562 -0.134374
     1.091771 0.412902 0.000000
(tri 3.199599 10.765360 1.748663
     3.362395 10.549679 0.850743
     3.448496 8.947242 2.331500 )
)
(obb 2.872161 10.152551 2.680899
     -0.112535 -0.776396 0.620118
     -0.499013 0.583833 0.640410
     -0.859257 -0.237378 -0.453133
     1.101824 0.425197 0.000000
(tri 2.739512 10.949488 2.514952
     3.208333 10.759759 1.725338
     2.960346 9.048856 3.091859 )
)
)
)
)
)
(obb 2.013377 9.345757 -0.154438
     0.151104 -0.954034 0.258820
     0.742098 0.282447 0.607876
     -0.653037 0.100217 0.750665
     1.347724 2.463582 0.888984
(obb 1.348735 9.013890 -1.057040
     0.966105 0.205351 0.156435
     -0.161223 0.953236 -0.255633
     -0.201614 0.221747 0.954033
     1.710603 1.348197 0.341667
(obb 0.527429 8.832784 -1.276701
     0.154509 0.267616 0.951057
     -0.972288 -0.129759 0.194470
     0.175452 -0.954748 0.240151
     0.097399 0.919126 1.348938
(obb -0.272691 8.597482 -1.025052
     0.478754 -0.871886 0.103001
     -0.826946 -0.408423 0.386460
     -0.294882 -0.270196 -0.916537
     1.428110 0.442921 0.000000
(tri -0.590133 10.023530 -1.343320
     0.777295 7.533232 -1.049127
     -0.102468 7.439543 -0.738457 )
)
(obb 0.591684 8.604931 -1.311164
     0.517712 -0.825757 0.223831
     -0.854289 -0.513168 0.082759
     0.046524 -0.234062 -0.971108
     1.355002 0.439753 0.000000
(tri 0.265859 9.949499 -1.650849
     1.668860 7.711695 -1.044265
     0.749142 7.528908 -1.044271 )
)
)
(obb 2.134571 9.044082 -1.030251
     0.246151 -0.918650 0.309017
     0.509783 -0.148454 -0.847398
     0.824336 0.366120 0.431770
     1.259109 0.096529 0.905150
(obb 2.145030 9.186048 -1.131535
     0.513052 -0.779855 0.358615
     0.787324 0.593972 0.165286
     -0.341906 0.197546 0.918736
     1.278135 0.394840 0.000000
(tri 2.059572 10.022999 -1.343299
     1.178414 9.948282 -1.655155
     2.489912 7.954764 -0.738438 )
)
(obb 2.134571 9.044082 -1.030251
     0.246151 -0.918650 0.309017
     0.509783 -0.148454 -0.847398
     0.824336 0.366120 0.431770
     1.259109 0.096529 0.905150
(obb 1.500104 8.689343 -1.289019
     0.513052 -0.779855 0.358615
     -0.768737 -0.603328 -0.212222
     0.381865 -0.166800 -0.909042
     1.278135 0.434556 0.000000
(tri 1.178414 9.948282 -1.655155
     2.489912 7.954764 -0.738438
     1.641191 7.704926 -1.049121 )
)
(obb 2.339610 8.841014 -0.959613
     0.457570 -0.740620 0.492049
     -0.584096 -0.667595 -0.461680
     0.670419 -0.076154 -0.738065
     1.206351 0.427742 0.000000
(tri 2.037463 10.020020 -1.355717
     3.141442 8.233126 -0.168549
     2.466072 7.946371 -0.752432 )
)
)
)
)
(obb 3.057867 9.457918 0.386143
     0.316094 0.255967 0.913546
     -0.938174 -0.058898 0.341118
     0.141121 -0.964890 0.221525
     1.769932 0.330031 1.072231
(obb 2.861191 9.262941 -0.436306
     0.776081 -0.040673 -0.629320
     -0.176359 0.944104 -0.278505
     0.605471 0.327128 0.725528
     0.091469 1.116093 0.918140
(obb 3.004763 9.041368 -0.363907
     0.350968 -0.715853 0.603636
     -0.326814 -0.697750 -0.637446
     0.877505 0.026446 -0.478838
     1.147490 0.420305 0.000000
(tri 2.739393 10.156069 -0.788651
     3.544856 8.513202 0.596681
     3.124299 8.224116 -0.189985 )
)
(obb 2.861191 9.262941 -0.436306
     0.776081 -0.040673 -0.629320
     -0.176359 0.944104 -0.278505
     0.605471 0.327128 0.725528
     0.091469 1.116093 0.918140
(obb 3.287851 9.610350 0.146256
     0.350968 -0.715853 0.603636
     0.369034 0.698211 0.613445
     -0.860602 0.007463 0.509223
     1.147490 0.394885 0.000000
(tri 3.208264 10.345620 0.000977
     2.739393 10.156069 -0.788651
     3.544856 8.513202 0.596681 )
)
(obb 2.831273 9.386824 -0.595284
     0.457570 -0.740620 0.492049
     0.616123 0.663082 0.425105
     -0.641110 0.108648 0.759719
     1.206351 0.392488 0.000000
(tri 2.755805 10.160640 -0.769634
     2.037463 10.020020 -1.355717
     3.141442 8.233126 -0.168549 )
)
)
)
(obb 3.414318 9.657769 1.153334
     0.027054 -0.257402 -0.965926
     0.987875 0.154661 -0.013546
     0.152878 -0.953847 0.258465
     0.954205 0.092086 0.987473
(obb 3.457748 9.830277 1.008363
     0.203991 -0.712583 0.671277
     0.080178 0.695553 0.713987
     -0.975684 -0.091826 0.199020
     1.107805 0.402071 0.000000
(tri 3.362395 10.555640 0.875572
     3.199529 10.340019 -0.022355
     3.651494 8.761212 1.464934 )
)
(obb 3.414318 9.657769 1.153334
     0.027054 -0.257402 -0.965926
     0.987875 0.154661 -0.013546
     0.152878 -0.953847 0.258465
     0.954205 0.092086 0.987473
(obb 3.412999 9.265164 0.422076
     0.203991 -0.712583 0.671277
     -0.030244 -0.689955 -0.723220
     0.978505 0.127228 -0.162296
     1.107805 0.413723 0.000000
(tri 3.199529 10.340019 -0.022355
     3.651494 8.761212 1.464934
     3.536478 8.504666 0.570375 )
)
(obb 3.516650 9.484278 1.298764
     0.039432 -0.733870 0.678144
     0.271609 -0.645247 -0.714062
     0.961599 0.212347 0.173883
     1.091771 0.409428 0.000000
(tri 3.362395 10.549679 0.850743
     3.448496 8.947242 2.331500
     3.652889 8.754178 1.436946 )
)
)
)
)
)
)
(obb 1.428972 7.297222 1.719539
     0.939348 0.305212 -0.156434
     -0.336994 0.906139 -0.255633
     0.063729 0.292846 0.954034
     2.577919 1.448811 2.613816
(obb 1.126402 6.883976 0.583281
