(geom 0.000000 0.000000 0.000000
      1.000000 0.000000 0.000000 0.000000 1.000000 0.000000 0.000000 0.000000 1.000000
(obb 14.022182 -0.000004 -10.624067
     0.000000 0.000000 1.000000
     -0.000000 -1.000000 0.000000
     1.000000 -0.000000 0.000000
     28.196718 23.227808 23.227806
(obb 14.022182 -0.000004 -20.386341
     0.000000 0.000000 1.000000
     -0.000000 -1.000000 0.000000
     1.000000 -0.000000 0.000000
     18.434444 23.227808 23.227806
(obb 5.270977 4.388380 -26.465288
     0.612372 -0.612373 -0.500000
     0.790547 0.469527 0.393167
     -0.006002 -0.636038 0.771635
     14.224077 29.268745 21.708433
(obb 5.229305 8.332932 -30.568810
     0.593029 -0.593030 -0.544639
     0.772320 0.227681 0.593030
     -0.227681 -0.772319 0.593030
     14.650472 23.227812 23.687754
(obb 5.263886 8.451229 -31.449934
     0.612372 -0.612373 -0.500000
     0.779875 0.364248 0.509037
     -0.129596 -0.701657 0.700630
     14.224077 26.575466 19.677608
(obb 6.313330 7.633367 -30.837221
     0.572061 -0.572062 -0.587785
     0.819396 0.366663 0.440622
     -0.036544 -0.733692 0.678499
     13.469325 27.549559 17.988897
(obb 6.242974 7.775355 -31.192783
     0.414741 0.813975 -0.406736
     -0.576235 0.580886 0.574913
     0.704232 -0.004064 0.709959
     28.540384 13.492702 16.357758
(obb 7.020625 4.420222 -14.021132
     0.691655 0.691655 -0.207911
     -0.457005 0.642045 0.615568
     0.559249 -0.330744 0.760164
     3.218711 6.179284 2.260763
(obb 8.032455 2.276455 -16.201870
     0.275336 -0.140291 0.951057
     -0.463426 0.847391 0.259163
     -0.842275 -0.512101 0.168303
     1.314963 3.489640 2.830935
(obb 8.956727 1.380469 -16.984688
     0.975528 -0.154509 0.156435
     -0.154509 0.024473 0.987688
     -0.156435 -0.987688 0.000001
     2.760176 0.464183 1.840966
(obb 7.476662 1.614889 -17.222029
     0.156435 0.987688 0.000000
     -0.966105 0.153017 0.207911
     0.205351 -0.032525 0.978148
     1.840966 1.326772 0.012090
(obb 7.997472 0.720968 -17.360714
     0.739154 0.661411 -0.127228
     -0.642916 0.749156 0.159449
     0.200775 -0.036060 0.978974
     2.075204 0.869773 0.000000
(tri 5.904386 0.000000 -16.958006
     8.479136 0.000000 -17.486053
     8.972176 2.745127 -17.486053 )
)
(obb 6.699914 2.232942 -17.038910
     -0.739154 -0.661411 0.127228
     0.642916 -0.749156 -0.159449
     0.200775 -0.036060 0.978974
     2.075204 1.148464 0.000000
(tri 8.972176 2.745127 -17.486053
     6.555404 3.624717 -16.958006
     5.904386 0.000000 -16.958006 )
)
)
(obb 10.129475 1.298979 -16.860441
     0.912293 -0.047812 0.406737
     -0.402884 0.073523 0.912293
     -0.073523 -0.996147 0.047812
     1.697946 0.001838 1.385400
(obb 9.664237 1.878624 -17.111853
     -0.830552 -0.447813 -0.331130
     0.384645 -0.891196 0.240454
     -0.402780 0.072341 0.912434
     1.949469 1.128400 0.000000
(tri 11.717405 1.745996 -16.194998
     8.972176 2.745127 -17.486053
     8.479136 0.000000 -17.486053 )
)
(obb 10.374331 0.233386 -16.667952
     0.830552 0.447813 0.331130
     -0.384645 0.891196 -0.240454
     -0.402780 0.072342 0.912433
     1.949469 0.717701 0.000000
(tri 8.479136 0.000000 -17.486053
     11.403813 0.000000 -16.194998
     11.717405 1.745996 -16.194998 )
)
)
)
(obb 8.150150 4.350736 -15.606200
     0.726310 -0.471671 0.500000
     -0.230508 0.518156 0.823639
     -0.647565 -0.713471 0.267617
     1.786564 1.121987 2.280005
(obb 7.858726 4.280575 -15.652849
     0.240151 -0.739110 -0.629320
     0.726404 0.566876 -0.388573
     0.643945 -0.363824 0.673028
     0.993117 2.333581 1.479058
(obb 6.927217 4.777412 -16.625792
     0.700474 0.572198 -0.426527
     -0.175899 0.717629 0.673845
     0.691661 -0.396986 0.603330
     2.336082 0.985667 0.000000
(tri 5.117473 4.148054 -14.965203
     6.555404 3.624717 -16.958006
     8.390204 6.821457 -16.958006 )
)
(obb 8.916419 3.953297 -14.939314
     0.233108 -0.937438 -0.258594
     -0.905109 -0.306388 0.294794
     -0.355581 0.165338 -0.919905
     1.037287 0.477330 0.000000
(tri 8.242583 4.779441 -14.530363
     9.336563 4.147367 -15.066836
     8.726182 2.834657 -15.066836 )
)
)
(obb 8.169520 3.068126 -14.782994
     0.887888 0.340828 -0.309017
     -0.371414 0.134660 -0.918650
     -0.271489 0.930432 0.246151
     0.570068 0.028771 1.634611
(obb 8.344604 2.571129 -14.939298
     0.390407 -0.883403 -0.259196
     -0.839285 -0.457226 0.294186
     -0.378396 0.102687 -0.919930
     1.034879 0.478263 0.000000
(tri 7.539182 3.266669 -14.530363
     8.726182 2.834657 -15.066836
     8.347229 1.438240 -15.066836 )
)
(obb 7.986506 3.638513 -14.636440
     -0.233108 0.937438 0.258594
     0.905109 0.306388 -0.294795
     -0.355583 0.165337 -0.919905
     1.037287 0.550075 0.000000
(tri 8.726182 2.834657 -15.066836
     7.539182 3.266669 -14.530363
     8.242583 4.779441 -14.530363 )
)
)
)
)
(obb 5.992802 6.078266 -12.200537
     0.433013 -0.250000 -0.866025
     0.750000 -0.433012 0.500000
     -0.500000 -0.866026 0.000001
     3.390192 1.212326 2.317236
(obb 6.223141 5.898232 -11.695146
     0.217064 -0.140963 -0.965926
     0.501496 0.865054 -0.013546
     0.837487 -0.481467 0.258465
     3.105429 2.317009 0.931389
(obb 5.503798 7.097807 -9.257671
     -0.473226 -0.701053 0.533462
     -0.183588 -0.513781 -0.838048
     0.861599 -0.494523 0.114429
     2.711483 1.244335 0.000000
(tri 6.558495 8.359385 -11.746958
     6.299224 8.577069 -8.854011
     3.992208 4.557597 -8.854011 )
)
(obb 6.485292 6.684359 -11.987177
     0.834565 -0.371573 0.406737
     0.549932 0.605846 -0.574913
     -0.032798 0.703480 0.709958
     1.017360 2.794345 1.348986
(obb 6.976804 6.203446 -11.278575
     0.603933 0.587469 -0.538651
     -0.014535 -0.667588 -0.744389
     -0.796903 0.457390 -0.394640
     2.389863 1.193127 0.000000
(tri 5.516144 4.002957 -10.879423
     7.542407 7.533279 -10.879423
     8.402779 6.810900 -13.454029 )
)
(obb 5.936576 6.981977 -12.303024
     -0.529643 -0.612950 0.586320
     -0.126328 -0.626524 -0.769096
     0.838761 -0.481415 0.254401
     2.744446 1.369213 0.000000
(tri 7.217183 7.806340 -14.965203
     6.558495 8.359385 -11.746958
     4.310030 4.441925 -11.746958 )
)
)
)
(obb 6.416484 4.836203 -13.911716
     0.750000 -0.433013 0.500000
     -0.056422 0.711292 0.700629
     -0.659027 -0.553682 0.509037
     1.212328 1.613183 2.708458
(obb 7.848622 4.476442 -14.289783
     0.082060 -0.880365 -0.467145
     -0.750165 -0.363151 0.552607
     -0.656140 0.305089 -0.690218
     1.152035 0.538516 0.000000
(tri 7.350111 5.295091 -13.454029
     8.242583 4.779441 -14.530363
     7.539182 3.266669 -14.530363 )
)
(obb 6.243005 5.555724 -13.028373
     0.750000 -0.433013 0.500000
     0.527506 -0.064481 -0.847100
     0.399046 0.899078 0.180057
     1.212328 2.103677 2.063483
(obb 6.096025 5.476366 -13.732577
     0.567757 0.152130 0.809017
     0.578777 0.625088 -0.523720
     -0.585380 0.765586 0.266849
     1.754870 2.750887 0.798568
(obb 5.602080 5.323041 -14.339469
     0.529643 0.612950 -0.586320
     0.126328 0.626524 0.769096
     0.838761 -0.481415 0.254401
     2.744446 1.278628 0.000000
(tri 4.310030 4.441925 -11.746958
     5.117473 4.148054 -14.965203
     7.217183 7.806340 -14.965203 )
)
(obb 6.893998 5.097331 -12.577779
     0.603933 0.587469 -0.538651
     -0.126194 -0.596815 -0.792393
     -0.786982 0.546527 -0.286301
     2.389863 0.518749 0.000000
(tri 5.516144 4.002957 -10.879423
     8.402779 6.810900 -13.454029
     7.350111 5.295091 -13.454029 )
)
)
(obb 6.997085 4.064218 -13.662502
     -0.082060 0.880365 0.467145
     0.750166 0.363151 -0.552606
     -0.656138 0.305089 -0.690219
     1.152035 0.596617 0.000000
(tri 7.539182 3.266669 -14.530363
     6.570817 3.619107 -13.454029
     7.350111 5.295091 -13.454029 )
)
)
)
)
)
(obb 7.605063 6.626380 -30.822830
     0.525483 -0.525483 -0.669130
     0.850724 0.335335 0.404746
     0.011696 -0.781932 0.623254
     12.205822 27.549557 18.162561
(obb 2.408282 11.613903 -38.820786
     0.707107 0.707107 0.000000
     -0.707107 0.707107 0.000000
     0.000000 0.000000 1.000000
     32.849079 16.424541 0.000000
(tri -9.205624 -23.227806 -38.820786
     37.249992 23.227800 -38.820786
     -9.205624 23.227804 -38.820786 )
)
(obb 8.947921 4.371819 -16.066074
     0.771634 -0.445504 -0.453990
     0.393167 -0.226994 0.891007
     -0.500000 -0.866025 0.000001
     3.365373 1.570046 2.109012
(obb 7.716815 5.208134 -15.127818
     0.643582 -0.371573 -0.669130
     0.628574 -0.242208 0.739074
     -0.436688 -0.896253 0.077680
     1.395789 1.320128 2.097834
(obb 7.267589 5.873060 -14.515997
     0.709959 0.574913 -0.406736
     -0.221485 0.730522 0.645974
     0.668508 -0.368529 0.645975
     2.335511 1.133292 1.176509
(obb 6.555428 6.294225 -15.201522
     -0.700474 -0.572198 0.426527
     0.175899 -0.717629 -0.673845
     0.691661 -0.396986 0.603330
     2.336082 1.127978 0.000000
(tri 8.390204 6.821457 -16.958006
     7.217183 7.806340 -14.965203
     5.117473 4.148054 -14.965203 )
)
(obb 8.753545 5.918589 -14.289262
     -0.069512 -0.881497 -0.467046
     -0.801305 -0.229530 0.552473
     -0.594204 0.412650 -0.690392
     1.152279 0.537703 0.000000
(tri 8.402779 6.810900 -13.454029
     9.192739 6.147637 -14.530363
     8.242583 4.779441 -14.530363 )
)
)
(obb 8.747656 5.487225 -14.367929
     0.544639 0.838670 0.000000
     -0.678499 0.440622 0.587785
     0.492958 -0.320131 0.809017
     0.922294 1.400751 0.153808
(obb 8.746186 5.066819 -14.636764
     -0.069281 0.963544 0.258423
     0.944215 0.146939 -0.294732
     -0.321960 0.223587 -0.919973
     1.037975 0.549096 0.000000
(tri 9.336563 4.147367 -15.066836
     8.242583 4.779441 -14.530363
     9.192739 6.147637 -14.530363 )
)
(obb 7.845331 5.658437 -13.663080
     -0.069512 -0.881497 -0.467046
     -0.801305 -0.229529 0.552473
     -0.594203 0.412650 -0.690393
     1.152279 0.595716 0.000000
(tri 7.350111 5.295091 -13.454029
     8.402779 6.810900 -13.454029
     8.242583 4.779441 -14.530363 )
)
)
)
(obb 9.871200 3.838372 -16.983971
     0.500000 0.866025 0.000000
     -0.855363 0.493845 -0.156435
     -0.135477 0.078217 0.987688
     1.842929 2.735907 0.459615
(obb 10.912920 3.236272 -16.841007
     0.500000 0.866025 0.000000
     -0.352245 0.203368 0.913545
     0.791153 -0.456773 0.406737
     1.395716 0.005546 1.579944
(obb 10.719664 4.112479 -17.111546
     -0.933007 -0.139014 -0.331924
     0.059216 -0.969108 0.239424
     -0.354953 0.203729 0.912416
     1.944808 1.131965 0.000000
(tri 12.601213 3.285839 -16.194998
     10.361736 5.166133 -17.486053
     8.972176 2.745127 -17.486053 )
)
(obb 10.829329 2.317756 -16.668148
     0.933007 0.139014 0.331924
     -0.059216 0.969108 -0.239424
     -0.354953 0.203729 0.912416
     1.944808 0.719969 0.000000
(tri 8.972176 2.745127 -17.486053
     11.717405 1.745996 -16.194998
     12.601213 3.285839 -16.194998 )
)
)
(obb 8.569530 4.589891 -17.222029
     0.847100 -0.489074 -0.207911
     0.180057 -0.103955 0.978148
     -0.500000 -0.866025 0.000001
     1.298202 0.006017 1.842929
(obb 8.053601 5.458287 -17.038578
     -0.919314 -0.372286 0.127535
     0.351505 -0.922545 -0.159232
     0.176937 -0.101555 0.978969
     2.070203 1.152098 0.000000
(tri 10.361736 5.166133 -17.486053
     8.390204 6.821457 -16.958006
     6.555404 3.624717 -16.958006 )
)
(obb 8.765266 3.590481 -17.360962
     0.919314 0.372286 -0.127535
     -0.351505 0.922545 0.159232
     0.176937 -0.101555 0.978969
     2.070203 0.872525 0.000000
(tri 6.555404 3.624717 -16.958006
     8.972176 2.745127 -17.486053
     10.361736 5.166133 -17.486053 )
)
)
)
)
)
)
(obb 10.461661 6.527558 -14.310966
     0.831826 0.319308 0.453991
     0.241433 0.528351 -0.813975
     -0.499775 0.786694 0.362405
     2.965947 4.440360 5.670246
(obb 11.759492 4.638289 -15.249784
     0.049775 0.949753 -0.309017
     -0.191808 0.312731 0.930274
     0.980169 0.012967 0.197737
     4.814468 1.775745 3.611941
(obb 12.749651 3.093673 -14.723444
     0.419336 -0.272320 -0.866025
     0.381729 0.918410 -0.103956
     0.823675 -0.286995 0.489074
     1.420783 1.835534 3.912772
(obb 11.395247 3.881911 -15.350492
     0.173184 0.646330 0.743145
     -0.883231 0.435787 -0.173184
     -0.435787 -0.626376 0.646330
     0.935987 1.884850 2.002455
(obb 11.961815 4.126697 -16.668245
     0.923961 -0.190990 0.331389
     0.278340 0.929998 -0.240065
     -0.262341 0.314050 0.912442
     1.947945 0.717636 0.000000
(tri 10.361736 5.166133 -17.486053
     12.601213 3.285839 -16.194998
     13.961387 4.422058 -16.194998 )
)
(obb 10.691715 3.626869 -14.690125
     0.918650 -0.298488 0.258820
     0.321477 0.945567 -0.050553
     -0.229642 0.129645 0.964602
     1.666671 1.463246 0.020114
(obb 10.708409 3.674545 -14.694395
     0.918650 -0.298488 0.258820
     0.321477 0.945567 -0.050553
     -0.229642 0.129645 0.964602
     1.666671 1.412582 0.018342
(obb 10.447304 3.751842 -14.752111
     -0.960766 -0.176983 -0.213553
     -0.147631 0.978140 -0.146452
     0.234804 -0.109179 -0.965892
     1.883133 0.596951 0.000000
(tri 12.344684 3.501223 -14.262539
     8.726182 2.834657 -15.066836
     9.336563 4.147367 -15.066836 )
)
(obb 10.998103 4.472647 -14.732807
     0.945913 -0.203182 0.252914
     -0.234808 -0.966721 0.101569
     0.223860 -0.155461 -0.962143
     1.590062 0.670672 0.000000
(tri 9.336563 4.147367 -15.066836
     10.161061 5.334622 -15.066836
     12.344684 3.501223 -14.262539 )
)
)
(obb 10.638709 2.453314 -14.537070
     -0.960766 -0.176983 -0.213553
     -0.140848 0.974613 -0.174046
     0.238935 -0.137139 -0.961303
     1.883133 0.733241 0.000000
(tri 12.344684 3.501223 -14.262539
     11.402945 1.860444 -14.262539
     8.726182 2.834657 -15.066836 )
)
)
)
(obb 13.023534 2.017043 -13.439490
     0.500000 0.866025 0.000000
     -0.726310 0.419335 0.544639
     0.471671 -0.272320 0.838671
     0.945913 0.667162 2.855678
(obb 13.134450 1.290059 -13.955219
     0.356779 -0.448511 0.819479
     0.586466 0.790346 0.177235
     -0.727163 0.417363 0.545015
     2.920830 0.867666 0.000000
(tri 12.601213 3.285839 -16.194998
     11.717405 1.745996 -16.194998
     14.685397 0.665789 -11.407880 )
)
(obb 12.114559 1.929029 -13.632037
     -0.238291 0.744142 -0.624075
     0.733309 0.559176 0.386756
     0.636770 -0.365479 -0.678933
     1.508580 0.804035 0.000000
(tri 13.063646 1.256028 -12.379604
     11.402945 1.860444 -14.262539
     12.344684 3.501223 -14.262539 )
)
)
)
(obb 12.071584 6.433978 -15.950927
     0.026168 -0.045325 -0.998630
     -0.357691 0.932408 -0.051693
     0.933473 0.358553 0.008187
     1.545999 2.919487 3.365703
(obb 10.474842 5.495663 -15.491601
     0.700629 -0.509037 -0.500000
     -0.056422 0.659027 -0.750000
     0.711291 0.553683 0.433012
     1.710778 2.341685 1.383686
(obb 10.379517 4.961298 -14.722139
     0.040673 -0.032937 -0.998630
     0.913062 0.407128 0.023760
     0.405788 -0.912777 0.046633
     0.330951 1.291845 2.151595
(obb 9.815887 5.768774 -14.814394
     0.669131 0.743145 0.000000
     -0.266319 0.239795 -0.933581
     -0.693785 0.624687 0.358368
     1.525671 0.039641 0.770791
(obb 9.714549 5.217515 -14.939034
     0.069281 -0.963544 -0.258423
     -0.944215 -0.146939 0.294732
     -0.321960 0.223587 -0.919973
     1.037975 0.476479 0.000000
(tri 9.192739 6.147637 -14.530363
     10.161061 5.334622 -15.066836
     9.336563 4.147367 -15.066836 )
)
(obb 10.721071 6.319283 -14.938879
     -0.100470 -0.960613 -0.259092
     -0.955590 0.020656 0.293974
     -0.277043 0.277121 -0.920028
     1.035295 0.477185 0.000000
(tri 10.369094 7.323658 -14.530363
     11.181843 6.355116 -15.066836
     10.161061 5.334622 -15.066836 )
)
)
(obb 11.153978 4.660634 -14.733090
     -0.365107 0.896061 -0.252532
     0.910820 0.399938 0.102254
     0.192623 -0.192678 -0.962170
     1.592466 0.668941 0.000000
(tri 12.344684 3.501223 -14.262539
     10.161061 5.334622 -15.066836
     11.181843 6.355116 -15.066836 )
)
)
(obb 10.454813 6.028203 -17.360638
     0.991352 0.031618 -0.127366
     -0.011015 0.987165 0.159325
     0.130769 -0.156544 0.978976
     2.072953 0.869962 0.000000
(tri 8.390204 6.821457 -16.958006
     10.361736 5.166133 -17.486053
     12.500256 6.952542 -17.486053 )
)
)
(obb 13.012958 5.912470 -15.995992
     0.129410 -0.224144 -0.965926
     0.953879 -0.237953 0.183013
     -0.270866 -0.945060 0.183013
     1.264738 2.669681 2.777029
(obb 12.885914 7.732111 -17.360981
     0.943304 -0.306507 -0.127401
     0.324478 0.932372 0.159361
     0.069940 -0.191665 0.978965
     2.072383 0.871918 0.000000
(tri 11.213945 9.180263 -16.958006
     12.500256 6.952542 -17.486053
     15.123720 7.909864 -17.486053 )
)
(obb 12.761234 5.358068 -15.763504
     0.206773 -0.229645 -0.951056
     0.672554 0.739343 -0.032301
     0.710575 -0.632958 0.307325
     1.218114 1.701481 2.112917
(obb 12.285949 5.259830 -15.909870
     0.162880 -0.201141 -0.965926
     0.709348 0.704339 -0.027054
     0.685781 -0.680771 0.257402
     1.227906 1.388289 1.661514
(obb 12.475612 5.843407 -17.111391
     -0.923961 0.190990 -0.331389
     -0.278340 -0.929998 0.240065
     -0.262341 0.314050 0.912442
     1.947945 1.128295 0.000000
(tri 13.961387 4.422058 -16.194998
     12.500256 6.952542 -17.486053
     10.361736 5.166133 -17.486053 )
)
(obb 11.765924 5.325232 -14.751515
     -0.006545 -0.976895 0.213621
     -0.989070 -0.025144 -0.145290
     0.147304 -0.212237 -0.966052
     1.882532 0.597614 0.000000
(tri 11.181843 6.355116 -15.066836
     12.369328 7.179294 -15.066836
     12.344684 3.501223 -14.262539 )
)
)
(obb 13.649261 5.430387 -16.667915
     0.803962 -0.493616 0.331644
     0.577892 0.780069 -0.239863
     -0.140305 0.384495 0.912402
     1.946449 0.719626 0.000000
(tri 12.500256 6.952542 -17.486053
     13.961387 4.422058 -16.194998
     15.629999 5.030946 -16.194998 )
)
)
)
)
)
(obb 9.198630 8.418404 -13.693948
     0.369905 -0.509131 -0.777146
     0.498510 -0.597100 0.628458
     -0.784001 -0.619885 0.032937
     4.914623 1.501576 2.334195
(obb 9.048514 8.850106 -11.743269
     0.173184 -0.192341 -0.965926
     0.775953 0.630646 0.013545
     0.606551 -0.751859 0.258465
     3.214427 2.266372 1.228306
(obb 8.746592 9.148695 -11.734263
     0.742127 0.668213 -0.052335
     -0.169784 0.262950 0.949753
     0.648399 -0.695951 0.308594
     2.348964 3.000742 0.873355
(obb 9.011511 8.918667 -12.809664
     0.742127 0.668213 -0.052335
     -0.169784 0.262950 0.949753
     0.648399 -0.695951 0.308594
     2.249786 1.873912 0.873355
(obb 8.750525 8.318416 -11.279726
     0.472908 0.696857 0.539211
     0.655272 0.130966 -0.743954
     -0.589047 0.705152 -0.394696
     2.387383 1.192279 0.000000
(tri 8.402779 6.810900 -13.454029
     7.542407 7.533279 -10.879423
     10.660806 10.138227 -10.879423 )
)
(obb 8.962826 10.176642 -12.304672
     -0.709092 -0.391233 0.586622
     -0.335846 -0.544126 -0.768852
     0.619997 -0.742202 0.254441
     2.743031 1.367503 0.000000
(tri 10.448615 10.505713 -14.965203
     10.018860 11.249994 -11.746958
     6.558495 8.359385 -11.746958 )
)
)
(obb 7.734098 9.406169 -11.315634
     0.686596 0.493387 -0.534000
     0.350664 0.418676 0.837703
     0.636884 -0.762417 0.114448
     2.708753 1.211826 0.000000
(tri 6.299224 8.577069 -8.854011
     6.558495 8.359385 -11.746958
     10.018860 11.249994 -11.746958 )
)
)
(obb 9.063938 8.818702 -13.259296
     0.321020 -0.321020 -0.891006
     -0.592166 0.666181 -0.453369
     0.739112 0.673164 0.023760
     2.031449 1.192575 2.125065
(obb 8.074670 8.737681 -14.337929
     0.709092 0.391233 -0.586622
     0.335846 0.544126 0.768852
     0.619997 -0.742201 0.254441
     2.743031 1.277032 0.000000
(tri 6.558495 8.359385 -11.746958
     7.217183 7.806340 -14.965203
     10.448615 10.505713 -14.965203 )
)
(obb 10.240053 8.620064 -12.933340
     0.509036 -0.700629 0.500000
     0.737528 0.055542 -0.673028
     0.443772 0.711360 0.545007
     0.177469 1.105088 2.386078
(obb 10.298627 8.282546 -13.662813
     0.371222 0.801753 0.468386
     0.831894 -0.063085 -0.551337
     -0.412488 0.594317 -0.690392
     1.148981 0.597427 0.000000
(tri 10.369094 7.323658 -14.530363
     9.706047 8.113799 -13.454029
     11.222149 9.166056 -13.454029 )
)
(obb 9.823009 8.594917 -12.577675
     0.472908 0.696857 0.539211
     0.562354 0.232410 -0.793564
     -0.678318 0.678511 -0.281972
     2.387383 0.517852 0.000000
(tri 9.706047 8.113799 -13.454029
     8.402779 6.810900 -13.454029
     10.660806 10.138227 -10.879423 )
)
)
)
)
(obb 10.102808 7.343444 -15.690883
     0.807909 0.586979 -0.052335
     -0.379745 0.450641 -0.807909
     -0.450641 0.672590 0.586979
     2.097589 1.438844 2.397035
(obb 10.460652 6.946219 -15.897164
     0.130843 -0.161578 0.978148
     0.863875 0.502656 -0.032525
     -0.486416 0.849252 0.205352
     1.300068 1.816817 1.313008
(obb 9.739588 6.340498 -14.636941
     0.100470 0.960613 0.259092
     0.955590 -0.020656 -0.293973
     -0.277043 0.277121 -0.920028
     1.035295 0.549911 0.000000
(tri 10.161061 5.334622 -15.066836
     9.192739 6.147637 -14.530363
     10.369094 7.323658 -14.530363 )
)
(obb 10.447074 6.940081 -15.922921
     0.122207 -0.168204 0.978148
     0.864683 0.501847 -0.021733
     -0.487225 0.848444 0.206773
     1.295557 1.815577 1.313002
(obb 10.719358 7.584161 -15.932604
     0.960635 0.100966 -0.258819
     -0.277764 0.331148 -0.901770
     -0.005341 0.938161 0.346157
     2.049080 1.319062 1.139810
(obb 10.943254 7.418587 -14.636622
     0.268719 0.927627 0.259417
     0.936930 -0.189235 -0.293858
     -0.223500 0.322021 -0.919973
     1.033997 0.551209 0.000000
(tri 11.181843 6.355116 -15.066836
     10.369094 7.323658 -14.530363
     11.737553 8.273443 -14.530363 )
)
(obb 10.432577 8.020969 -17.039011
     -0.991352 -0.031618 0.127366
     0.011015 -0.987165 -0.159325
     0.130769 -0.156544 0.978976
     2.072953 1.148714 0.000000
(tri 12.500256 6.952542 -17.486053
     11.213945 9.180263 -16.958006
     8.390204 6.821457 -16.958006 )
)
)
(obb 11.907843 7.223766 -14.939157
     -0.268719 -0.927627 -0.259417
     -0.936930 0.189235 0.293858
     -0.223500 0.322021 -0.919973
     1.033997 0.478313 0.000000
(tri 11.737553 8.273443 -14.530363
     12.369328 7.179294 -15.066836
     11.181843 6.355116 -15.066836 )
)
)
)
(obb 9.765329 8.004570 -15.171951
     0.444997 -0.549526 -0.707106
     0.444997 -0.549524 0.707107
     -0.777146 -0.629321 0.000001
     1.301157 1.264374 2.105032
(obb 9.826228 8.691926 -14.519304
     0.868834 0.282301 -0.406736
     -0.492037 0.583623 -0.645975
     0.055022 0.761374 0.645974
     2.335463 1.177536 1.127176
(obb 9.309684 9.319925 -15.202929
     -0.855365 -0.294039 0.426488
     -0.083591 -0.734160 -0.673811
     0.511238 -0.612005 0.603395
     2.336292 1.125946 0.000000
(tri 11.213945 9.180263 -16.958006
     10.448615 10.505713 -14.965203
     7.217183 7.806340 -14.965203 )
)
(obb 11.244219 8.210838 -14.289503
     -0.371222 -0.801753 -0.468386
     -0.831894 0.063085 0.551337
     -0.412488 0.594317 -0.690392
     1.148981 0.539248 0.000000
(tri 11.222149 9.166056 -13.454029
     11.737553 8.273443 -14.530363
     10.369094 7.323658 -14.530363 )
)
)
(obb 9.678452 8.033423 -15.251648
     0.499999 -0.500000 0.707107
     0.732306 0.679969 -0.037007
     -0.462307 0.536323 0.706137
     1.244719 1.967413 1.299716
(obb 8.954568 7.079905 -13.663390
     0.223225 0.855033 0.468070
     0.829857 0.085217 -0.551430
     -0.511379 0.511524 -0.690533
     1.149758 0.596278 0.000000
(tri 9.192739 6.147637 -14.530363
     8.402779 6.810900 -13.454029
     9.706047 8.113799 -13.454029 )
)
(obb 9.434043 7.622451 -16.038620
     0.388573 0.314660 -0.866025
     -0.255180 0.939870 0.226995
     0.885378 0.132788 0.445504
     1.978017 0.982191 1.460130
(obb 9.896033 7.176583 -14.288983
     -0.223225 -0.855033 -0.468070
     -0.829857 -0.085217 0.551430
     -0.511378 0.511524 -0.690533
     1.149758 0.538212 0.000000
(tri 9.706047 8.113799 -13.454029
     10.369094 7.323658 -14.530363
     9.192739 6.147637 -14.530363 )
)
(obb 9.133320 7.770968 -16.624561
     0.855365 0.294039 -0.426488
     0.083592 0.734159 0.673812
     0.511238 -0.612006 0.603395
     2.336292 0.983890 0.000000
(tri 7.217183 7.806340 -14.965203
     8.390204 6.821457 -16.958006
     11.213945 9.180263 -16.958006 )
)
)
)
)
)
)
)
)
(obb 13.506883 7.519869 -12.622731
     0.828345 0.131197 0.544639
     0.216961 0.821196 -0.527793
     -0.516500 0.555360 0.651769
     4.042667 5.741051 10.697871
(obb 16.366161 5.206324 -14.688011
     0.210644 0.548744 0.809017
     -0.865150 -0.280660 0.415626
     0.455132 -0.787470 0.415627
     3.066096 4.134573 6.417766
(obb 15.086870 7.904737 -15.956170
     0.987688 0.156434 0.000000
     -0.008188 0.051693 0.998630
     0.156220 -0.986335 0.052337
     3.625708 1.555830 4.045670
(obb 15.082820 9.632600 -15.807076
     0.000000 0.207912 -0.978147
     -0.933580 0.350537 0.074509
     0.358368 0.913179 0.194103
     1.294546 3.367589 2.041592
(obb 16.516838 8.911985 -15.976149
     0.000001 0.978148 0.207912
     -0.000001 -0.207912 0.978148
     1.000000 -0.000001 0.000001
     1.294714 1.278991 1.838824
(obb 16.195658 8.811741 -16.058842
     0.079980 0.298488 -0.951056
     -0.012236 0.954335 0.298488
     0.996721 -0.012236 0.079980
     1.225014 1.308214 1.604556
(obb 15.748949 8.511676 -17.360638
     0.780313 -0.612248 -0.127531
     0.625390 0.763902 0.159189
     -0.000042 -0.203974 0.978976
     2.070272 0.870702 0.000000
(tri 14.678017 10.444327 -16.958006
     15.123720 7.909864 -17.486053
     17.908936 7.909286 -17.486053 )
)
(obb 16.140415 8.565322 -14.938888
     -0.693537 -0.672377 -0.258682
     -0.719559 0.628947 0.294381
     -0.035238 0.390301 -0.920013
     1.036935 0.476552 0.000000
(tri 16.516661 9.562260 -14.530363
     16.516403 8.297668 -15.066836
     15.078355 8.167837 -15.066836 )
)
)
(obb 17.012480 10.055057 -17.039011
     -0.780313 0.612248 0.127531
     -0.625390 -0.763902 -0.159189
     -0.000042 -0.203974 0.978976
     2.070272 1.149690 0.000000
(tri 17.908936 7.909286 -17.486053
     18.355663 10.443565 -16.958006
     14.678017 10.444327 -16.958006 )
)
)
(obb 14.778474 9.562483 -15.829144
     0.698401 -0.698402 -0.156434
     0.715706 0.681097 0.154508
     -0.001362 -0.219869 0.975528
     2.059555 2.985899 1.299832
(obb 13.424743 9.381159 -16.063467
     0.932301 -0.357877 0.052336
     0.333511 0.906624 0.258464
     -0.139948 -0.223511 0.964602
     2.036048 1.150669 1.281146
(obb 13.542402 9.618500 -17.038557
     -0.943304 0.306507 0.127401
     -0.324478 -0.932372 -0.159361
     0.069940 -0.191665 0.978965
     2.072383 1.151297 0.000000
(tri 15.123720 7.909864 -17.486053
     14.678017 10.444327 -16.958006
     11.213945 9.180263 -16.958006 )
)
(obb 14.660366 8.364839 -14.939182
     -0.567169 -0.782006 -0.258429
     -0.817186 0.495242 0.294859
     -0.102597 0.378420 -0.919931
     1.037950 0.476777 0.000000
(tri 14.859446 9.412642 -14.530363
     15.078355 8.167837 -15.066836
     13.682060 7.789274 -15.066836 )
)
)
(obb 15.693992 10.489329 -16.254467
     0.615568 -0.760164 0.207912
     0.521614 0.590758 0.615568
     -0.590758 -0.270474 0.760164
     1.632671 0.989609 2.094831
(obb 15.857219 10.696349 -16.624617
     -0.844589 0.323181 0.426876
     -0.535414 -0.509555 -0.673561
     -0.000165 -0.797438 0.603400
     2.334172 0.984338 0.000000
(tri 14.678017 10.444327 -16.958006
     18.355663 10.443565 -16.958006
     14.412830 11.952283 -14.965203 )
)
(obb 15.402340 9.210454 -14.636930
     0.693537 0.672377 0.258682
     0.719559 -0.628947 -0.294381
     -0.035237 0.390301 -0.920013
     1.036935 0.549181 0.000000
(tri 15.078355 8.167837 -15.066836
     14.859446 9.412642 -14.530363
     16.516661 9.562260 -14.530363 )
)
)
)
)
(obb 15.258386 6.053916 -15.795878
     0.040488 -0.255633 -0.965926
     0.202590 -0.944539 0.258465
     -0.978426 -0.206151 0.013546
     1.291192 2.217147 3.397854
(obb 17.032991 6.512517 -15.753082
     0.986335 0.156220 -0.052335
     -0.164751 0.936817 -0.308594
     0.000820 0.312999 0.949753
     1.705247 2.158397 1.210092
(obb 17.060883 6.498852 -15.808574
     0.032301 -0.307325 -0.951056
     0.987956 0.153887 -0.016173
     0.151326 -0.939079 0.308594
     1.189309 1.671093 2.135856
(obb 15.680364 6.086752 -16.668497
     0.585289 -0.739852 0.331746
     0.810825 0.534016 -0.239564
     0.000084 0.409202 0.912444
     1.945851 0.718087 0.000000
(tri 15.123720 7.909864 -17.486053
     15.629999 5.030946 -16.194998
     17.401491 5.030580 -16.194998 )
)
(obb 17.485735 6.538500 -15.587515
     0.102245 0.972789 -0.207911
     -0.786565 -0.048892 -0.615569
     -0.608984 0.226475 0.760163
     1.771483 0.768786 1.905891
(obb 17.810501 6.003273 -16.667803
     0.297902 -0.895242 0.331354
     0.944208 0.225269 -0.240261
     0.140448 0.384441 0.912403
     1.948151 0.718903 0.000000
(tri 17.908936 7.909286 -17.486053
     17.401491 5.030580 -16.194998
     19.069653 4.421152 -16.194998 )
)
(obb 17.329840 6.319467 -14.537354
     -0.632240 -0.744792 0.213444
     -0.774773 0.607794 -0.174106
     -0.000057 -0.275447 -0.961316
     1.884096 0.731355 0.000000
(tri 17.954407 8.167240 -15.066836
     17.459620 5.360330 -14.262539
     15.572006 5.360722 -14.262539 )
)
)
)
(obb 16.516378 6.635272 -15.874368
     0.000000 0.258819 0.965926
     -0.000002 -0.965926 0.258819
     1.000000 -0.000002 0.000000
     1.227029 1.648294 1.438025
(obb 17.178032 7.073129 -17.110994
     -0.585289 0.739852 -0.331746
     -0.810825 -0.534015 0.239564
     0.000085 0.409202 0.912444
     1.945851 1.129006 0.000000
(tri 17.401491 5.030580 -16.194998
     17.908936 7.909286 -17.486053
     15.123720 7.909864 -17.486053 )
)
(obb 16.239155 6.867155 -14.694682
     0.200828 0.944818 -0.258819
     0.002545 0.263697 0.964602
     0.979623 -0.194378 0.050554
     1.669134 0.018948 1.408782
(obb 15.405986 7.015573 -14.733505
     0.296219 0.921201 -0.252275
     0.954806 -0.278830 0.102955
     0.024500 -0.271371 -0.962163
     1.594086 0.668428 0.000000
(tri 15.572006 5.360722 -14.262539
     15.078355 8.167837 -15.066836
     16.516403 8.297668 -15.066836 )
)
(obb 16.300900 7.131588 -14.751348
     -0.632240 -0.744792 0.213444
     -0.774422 0.615790 -0.145167
     -0.023317 -0.257076 -0.966110
     1.884096 0.596969 0.000000
(tri 16.516403 8.297668 -15.066836
     17.954407 8.167240 -15.066836
     15.572006 5.360722 -14.262539 )
)
)
)
)
(obb 13.811133 5.740580 -15.790065
     0.151104 -0.954034 0.258820
     0.984216 0.169599 0.050552
     -0.092124 0.247096 0.964602
     2.310188 1.745875 1.220854
(obb 14.197869 6.259371 -15.890685
     0.092753 -0.241629 -0.965926
     0.950417 0.310682 0.013545
     0.296823 -0.919289 0.258465
     1.228074 1.440915 1.654813
(obb 14.718970 6.874334 -17.111912
     -0.803962 0.493616 -0.331644
     -0.577892 -0.780069 0.239863
     -0.140305 0.384495 0.912402
     1.946449 1.131428 0.000000
(tri 15.629999 5.030946 -16.194998
     15.123720 7.909864 -17.486053
     12.500256 6.952542 -17.486053 )
)
(obb 13.931273 6.543507 -14.738649
     0.986335 0.156220 0.052336
     -0.137725 0.956153 -0.258465
     -0.090419 0.247725 0.964602
     1.458456 1.479950 0.017900
(obb 14.278289 6.773025 -14.752269
     -0.849566 0.482408 -0.213354
     0.516063 0.843856 -0.146925
     0.109162 -0.234927 -0.965864
     1.884891 0.596094 0.000000
(tri 15.572006 5.360722 -14.262539
     12.369328 7.179294 -15.066836
     13.682060 7.789274 -15.066836 )
)
(obb 15.164561 6.970675 -14.733044
     0.594198 -0.763535 0.252871
     -0.801149 -0.589729 0.101878
     0.071338 -0.263123 -0.962121
     1.590335 0.670945 0.000000
(tri 13.682060 7.789274 -15.066836
     15.078355 8.167837 -15.066836
     15.572006 5.360722 -14.262539 )
)
)
)
(obb 13.162545 5.809339 -14.645622
     0.482962 -0.836516 0.258820
     -0.129409 0.224145 0.965926
     -0.866026 -0.499999 0.000001
     1.638103 0.042331 1.862346
(obb 13.590364 5.656757 -14.536939
     -0.849566 0.482408 -0.213354
     0.518958 0.836836 -0.174325
     0.094446 -0.258822 -0.961296
     1.884891 0.732822 0.000000
(tri 15.572006 5.360722 -14.262539
     13.794016 4.711919 -14.262539
     12.369328 7.179294 -15.066836 )
)
(obb 13.077769 5.363275 -14.537348
     -0.006545 -0.976895 0.213621
     -0.984263 -0.031431 -0.173894
     0.176590 -0.211398 -0.961315
     1.882532 0.732288 0.000000
(tri 12.369328 7.179294 -15.066836
     13.794016 4.711919 -14.262539
     12.344684 3.501223 -14.262539 )
)
)
)
)
)
(obb 17.782425 2.998340 -14.246837
     0.415626 -0.415627 0.809017
     0.326342 0.898403 0.293892
     -0.848973 0.141867 0.509037
     3.849036 2.012060 4.679844
(obb 18.650656 2.997277 -13.709617
     0.352245 0.203368 -0.913545
     0.597923 0.702033 0.386830
     0.720008 -0.682488 0.125689
     2.955435 1.339837 3.875238
(obb 17.385952 3.705056 -13.404713
     0.030763 0.586980 -0.809017
     -0.988733 0.136499 0.061440
     0.146494 0.798011 0.584566
     3.035920 1.745718 0.830265
(obb 18.276930 3.540474 -13.373113
     0.889785 0.046631 0.453991
     -0.290814 0.824581 0.485276
     -0.351723 -0.563819 0.747261
     0.545672 0.873738 2.884043
(obb 18.562813 3.824119 -13.111421
     -0.691640 -0.362355 0.624766
     -0.676872 0.626964 -0.385694
     -0.251948 -0.689648 -0.678902
     1.506912 0.543569 0.000000
(tri 19.237127 4.710955 -14.262539
     18.352684 3.180473 -12.379604
     17.152645 3.618881 -12.379604 )
)
(obb 18.509485 2.804076 -13.738742
     0.379645 0.428641 -0.819840
     -0.828200 0.552371 -0.094717
     0.412256 0.714950 0.564705
     2.919545 0.661945 0.000000
(tri 16.852873 1.918278 -11.407880
     18.007385 1.252561 -11.407880
     19.069653 4.421152 -16.194998 )
)
)
(obb 17.812338 4.049292 -13.704990
     0.140963 -0.526081 0.838671
     0.979558 -0.048684 -0.195181
     0.143511 0.849040 0.508464
     2.912355 1.699513 0.779012
(obb 16.473400 3.726945 -14.167103
     0.369906 0.456795 -0.809017
     0.149020 0.830336 0.536969
     0.917040 -0.319188 0.239074
     2.918078 0.131842 1.674469
(obb 17.088318 3.573350 -13.953574
     -0.209411 0.533030 -0.819772
     -0.977828 -0.114005 0.175659
     0.000173 0.838380 0.545085
     2.919787 0.866086 0.000000
(tri 16.852873 1.918278 -11.407880
     17.401491 5.030580 -16.194998
     15.629999 5.030946 -16.194998 )
)
(obb 17.197811 3.554174 -13.953963
     -0.379645 -0.428641 0.819840
     0.879257 -0.442776 0.175660
     0.287711 0.787538 0.544983
     2.919545 0.868291 0.000000
(tri 19.069653 4.421152 -16.194998
     17.401491 5.030580 -16.194998
     16.852873 1.918278 -11.407880 )
)
)
(obb 17.649908 4.669713 -13.631608
     0.691640 0.362355 -0.624766
     0.676872 -0.626965 0.385694
     -0.251948 -0.689648 -0.678902
     1.506912 0.805140 0.000000
(tri 17.152645 3.618881 -12.379604
     17.459620 5.360330 -14.262539
     19.237127 4.710955 -14.262539 )
)
)
)
(obb 19.175194 2.109974 -14.087286
     0.726310 0.419335 0.544639
     -0.565321 -0.086311 0.820343
     0.391007 -0.903719 0.174370
     0.255441 2.932223 2.497446
(obb 19.175194 2.109974 -14.087286
     0.726310 0.419335 0.544639
     -0.565321 -0.086311 0.820343
     0.391007 -0.903719 0.174370
     0.255441 2.932223 2.497446
(obb 19.665358 1.330524 -13.823385
     0.308593 -0.949753 0.052336
     0.788815 0.286273 0.543892
     -0.531546 -0.126558 0.837521
     1.744479 0.127976 2.914196
(obb 20.134651 0.055147 -13.952698
     0.487986 0.298976 -0.820050
     -0.284452 0.942690 0.174420
     0.825201 0.148150 0.545064
     2.918796 0.867204 0.000000
(tri 18.463642 0.000000 -11.407880
     21.625645 0.000000 -16.194998
     21.312307 1.745302 -16.194998 )
)
(obb 19.323000 2.284283 -13.953154
     -0.566109 -0.084403 0.819998
     0.388114 -0.904881 0.174806
     0.727247 0.417212 0.545019
     2.918981 0.867905 0.000000
(tri 21.312307 1.745302 -16.194998
     20.429134 3.284772 -16.194998
     18.007385 1.252561 -11.407880 )
)
)
(obb 19.251865 2.368907 -13.952882
     0.181950 0.542732 -0.819961
     -0.823276 0.540063 0.174781
     0.537690 0.643253 0.545083
     2.919113 0.866473 0.000000
(tri 18.007385 1.252561 -11.407880
     20.429134 3.284772 -16.194998
     19.069653 4.421152 -16.194998 )
)
)
(obb 19.844790 0.866212 -13.738884
     0.566109 0.084403 -0.819998
     -0.279304 0.955544 -0.094470
     0.775571 0.282509 0.564516
     2.918981 0.662156 0.000000
(tri 18.007385 1.252561 -11.407880
     18.463642 0.000000 -11.407880
     21.312307 1.745302 -16.194998 )
)
)
)
(obb 15.501511 3.384768 -12.808393
     0.272319 -0.419335 0.866026
     -0.286994 0.823676 0.489073
     -0.918410 -0.381728 0.103956
     3.787264 0.910791 2.703640
(obb 14.359661 3.907886 -14.157723
     0.777146 -0.000000 0.629321
     -0.421097 0.743145 0.520012
     -0.467677 -0.669130 0.577532
     2.648669 0.781200 2.522173
(obb 13.764183 3.319439 -13.846557
     0.901769 0.346156 0.258820
     -0.432153 0.732450 0.526080
     -0.007466 -0.586253 0.810094
     1.668184 0.788191 2.919762
(obb 15.262030 3.447597 -14.130446
     0.419335 -0.726310 -0.544639
     0.766035 0.605040 -0.217064
     0.487184 -0.326190 0.810094
     0.128733 1.688007 2.916022
(obb 14.657258 3.105279 -13.954464
     -0.503310 0.273855 -0.819562
     -0.676601 -0.714847 0.176650
     -0.537485 0.643426 0.545080
     2.920533 0.866258 0.000000
(tri 15.541080 1.686235 -11.407880
     13.961387 4.422058 -16.194998
     12.601213 3.285839 -16.194998 )
)
(obb 14.754081 3.161265 -13.954751
     -0.015224 -0.572675 0.819641
     0.957684 0.227282 0.176588
     -0.287417 0.787646 0.544982
     2.920252 0.868197 0.000000
(tri 15.629999 5.030946 -16.194998
     13.961387 4.422058 -16.194998
     15.541080 1.686235 -11.407880 )
)
)
(obb 13.574358 3.528804 -13.433163
     0.837521 0.043892 0.544639
     0.277352 0.824662 -0.492958
     -0.470781 0.563920 0.678498
     1.482800 1.445440 0.001041
(obb 13.037601 3.318312 -13.630453
     0.031407 0.779770 -0.625278
     0.881757 0.272966 0.384699
     0.470656 -0.563426 -0.678995
     1.505677 0.804219 0.000000
(tri 13.699438 2.363756 -12.379604
     12.344684 3.501223 -14.262539
     13.794016 4.711919 -14.262539 )
)
(obb 14.225472 3.686044 -13.112199
     -0.031407 -0.779770 0.625278
     -0.881757 -0.272966 -0.384700
     0.470657 -0.563426 -0.678994
     1.505677 0.542946 0.000000
(tri 13.794016 4.711919 -14.262539
     14.677914 3.181124 -12.379604
     13.699438 2.363756 -12.379604 )
)
)
)
(obb 15.835000 4.436627 -13.376735
     0.206772 -0.636381 0.743145
     0.969851 0.233446 -0.069943
     -0.128973 0.735202 0.665465
     1.300737 1.853230 0.123844
(obb 14.930264 4.310461 -13.433294
     0.456773 0.703368 -0.544639
     -0.852854 0.172138 -0.492959
     -0.252978 0.689668 0.678499
     1.483488 1.446943 0.001677
(obb 15.625466 4.246950 -13.111159
     -0.296462 -0.722709 0.624341
     -0.921282 0.044127 -0.386383
     0.251692 -0.689743 -0.678901
     1.507936 0.543272 0.000000
(tri 15.572006 5.360722 -14.262539
     15.878276 3.619145 -12.379604
     14.677914 3.181124 -12.379604 )
)
(obb 14.383602 4.306431 -13.631994
     0.296462 0.722709 -0.624341
     0.921282 -0.044126 0.386383
     0.251693 -0.689743 -0.678900
     1.507936 0.804701 0.000000
(tri 14.677914 3.181124 -12.379604
     13.794016 4.711919 -14.262539
     15.572006 5.360722 -14.262539 )
)
)
(obb 15.985070 4.776135 -13.630573
     0.524850 0.577902 -0.624949
     0.851194 -0.356469 0.385225
     -0.000152 -0.734138 -0.679000
     1.506471 0.803433 0.000000
(tri 15.878276 3.619145 -12.379604
     15.572006 5.360722 -14.262539
     17.459620 5.360330 -14.262539 )
)
)
)
(obb 16.577364 3.316248 -12.643695
     0.203369 0.456773 -0.866025
     -0.873050 -0.315782 -0.371573
     -0.443199 0.831649 0.334565
     3.666082 1.605195 0.871265
(obb 16.593367 2.918570 -10.898503
     0.000001 0.951056 0.309017
     -0.052336 0.308594 -0.949753
     -0.998630 -0.016172 0.049774
     0.208600 1.660296 1.834862
(obb 17.143555 3.139610 -11.013604
     0.401233 0.171312 -0.899813
     0.856121 -0.419422 0.301898
