---- matOperators ---
v: [ 1 1 1
     1 1 1 ]
v: [ 0 0 0
     0 0 0 ]
v: [ 1 0 0
     0 1 0 ]
v: [ 2 0 0
     0 2 0 ]

v: [ 1 1.1 3.4
     0.9 8.2 3.7 ]
w: [ 2 3 4.4
     7 8 7.7 ]
u = v + w [ 3 4.1 7.8
            7.9 16.2 11.4 ]
u += v    [ 4 5.2 11.2
            8.8 24.4 15.1 ]
u = v - w [ -1 -1.9 -1
            -6.1 0.2 -4 ]
u -= v    [ -2 -3 -4.4
            -7 -8 -7.7 ]
u = v + 10 [ 11 11.1 13.4
             10.9 18.2 13.7 ]
u += 100   [ 111 111.1 113.4
             110.9 118.2 113.7 ]
u = v - 10 [ -9 -8.9 -6.6
             -9.1 -1.8 -6.3 ]
u -= 100   [ -109 -108.9 -106.6
             -109.1 -101.8 -106.3 ]
u *= 2    [ -218 -217.8 -213.2
            -218.2 -203.6 -212.6 ]
u = 2 * v [ 2 2.2 6.8
            1.8 16.4 7.4 ]

u = v .* w [ 2 3.3 14.96
             6.3 65.6 28.49 ]
u .*= w    [ 4 9.9 65.824
             44.1 524.8 219.373 ]

q = w^t [ 2 7
          3 8
          4.4 7.7 ]
s = q * v[ 8.3 59.6 32.7
           10.2 68.9 39.8
           11.33 67.98 43.45 ]
s = s^t [ 8.3 10.2 11.33
          59.6 68.9 67.98
          32.7 39.8 43.45 ]

s [ 8.3 4.4 11.33
    59.6 68.9 1.4
    32.7 39.8 2.4 ]
det: 1830.9
regular: 1
singular: 0
s2 = inv(s) [ 0.059883 0.240523 -0.423002
              -0.0531213 -0.191474 0.36247
              0.0650225 -0.10184 0.169113 ]
s2 = inv(s2) [ 8.29999 4.39999 11.33
               59.5999 68.8999 1.4
               32.6999 39.7999 2.4 ]
